吉野家,宮崎県,吉野家 10号線延岡店,宮崎県延岡市別府町3723‐1,1000,20240302,950,50
吉野家,宮崎県,吉野家 10号線都城店,宮崎県都城市平江町5‐6,1000,20240302,950,50
吉野家,福岡県,吉野家 10号線片野店,福岡県北九州市小倉北区片野2丁目21‐30,1050,20240302,1000,50
吉野家,香川県,吉野家 11号線国分寺店,香川県高松市国分寺町新居1354‐3,1100,20240302,980,120
吉野家,愛媛県,吉野家 11号線松山久米店,愛媛県松山市北久米町973‐5,1000,20240302,950,50
吉野家,埼玉県,吉野家 122号線石神店,埼玉県川口市石神685‐1,1150,20240302,1100,50
吉野家,埼玉県,吉野家 122号線川口店,埼玉県川口市朝日1丁目8‐6,1150,20240302,1100,50
吉野家,神奈川,吉野家 129号線上溝店,神奈川県相模原市中央区上溝2380‐6,1200,20240302,1120,80
吉野家,静岡県,吉野家 136号線伊豆長岡店,静岡県伊豆の国市南條211‐4,1050,20240302,1000,50
吉野家,埼玉県,吉野家 140号線花園インター店,埼玉県深谷市小前田476‐3,1200,20240302,1150,50
吉野家,長野県,吉野家 141号線佐久平店,長野県佐久市佐久平駅南19‐1,1100,20240302,1000,100
吉野家,愛知県,吉野家 155号線新舞子店,愛知県知多市新舞子大口206‐7,1100,20240302,1050,50
吉野家,岐阜県,吉野家 156号線芥見店,岐阜県岐阜市芥見長山2丁目118‐1,1100,20240302,1000,100
吉野家,奈良県,吉野家 163号線生駒店,奈良県生駒市北田原町2476‐18,1020,20240302,1000,20
吉野家,三重県,吉野家 165号線名張店,三重県名張市夏見坊垣3222‐2,1050,20240302,1000,50
吉野家,奈良県,吉野家 168号線香芝店,奈良県香芝市上中745‐1,1020,20240302,1000,20
吉野家,奈良県,吉野家 168号線東生駒店,奈良県生駒市辻町249‐1,1020,20240302,1000,20
吉野家,奈良県,吉野家 169号線桜井店,奈良県桜井市川合263‐1,1020,20240302,1000,20
吉野家,千葉県,吉野家 16号線若柴店,千葉県柏市若柴5‐10,1200,20240302,1150,50
吉野家,東京都,吉野家 16号線昭島緑町店,東京都昭島市緑町3丁目5‐14,1200,20240302,1150,50
吉野家,埼玉県,吉野家 16号線東大宮店,埼玉県さいたま市見沼区深作3丁目4‐9,1150,20240302,1100,50
吉野家,東京都,吉野家 16号線八王子宇津木店,東京都八王子市宇津木町709,1200,20240302,1150,50
吉野家,東京都,吉野家 16号線八王子北野店,東京都八王子市北野町574‐1,1200,20240302,1150,50
吉野家,大阪府,吉野家 170号線河内長野店,大阪府河内長野市上原西町10‐7,1100,20240302,1080,20
吉野家,大阪府,吉野家 170号線尺度店,大阪府羽曳野市尺度190‐1,1100,20240302,1080,20
吉野家,大阪府,吉野家 170号線東大阪布市店,大阪府東大阪市布市町4丁目332‐1,1130,20240302,1080,50
吉野家,大阪府,吉野家 170号線藤井寺店,大阪府藤井寺市野中2丁目1‐1,1110,20240302,1080,30
吉野家,大阪府,吉野家 170号線八尾店,大阪府八尾市大竹1丁目62,1100,20240302,1080,20
吉野家,大阪府,吉野家 170号線野崎店,大阪府大東市南津の辺町21‐38,1130,20240302,1080,50
吉野家,大阪府,吉野家 171号線茨木インター店,大阪府茨木市郡4丁目18‐35,1130,20240302,1100,30
吉野家,京都府,吉野家 171号線久世店,京都府京都市南区久世殿城町433,1100,20240302,1050,50
吉野家,大阪府,吉野家 171号線高槻市役所前店,大阪府高槻市城西町4‐46,1130,20240302,1100,30
吉野家,京都府,吉野家 171号線大山崎店,京都府乙訓郡大山崎町大山崎鏡田45‐30,1100,20240302,1050,50
吉野家,大阪府,吉野家 171号線箕面店,大阪府箕面市萱野4丁目2‐17,1150,20240302,1100,50
吉野家,兵庫県,吉野家 173号線川西多田店,兵庫県川西市平野2丁目5‐6,1060,20240302,1030,30
吉野家,兵庫県,吉野家 175号線玉津店,兵庫県神戸市西区平野町福中219‐1,1080,20240302,1050,30
吉野家,兵庫県,吉野家 176号線三田店,兵庫県三田市三輪4丁目6‐6,1080,20240302,1030,50
吉野家,兵庫県,吉野家 176号線宝塚店,兵庫県宝塚市安倉北2丁目19‐2,1080,20240302,1030,50
吉野家,兵庫県,吉野家 178号線豊岡店,兵庫県豊岡市下陰535‐1,1080,20240302,1030,50
吉野家,埼玉県,吉野家 17号線浦和常盤店,埼玉県さいたま市浦和区常盤6丁目2‐15,1250,20240302,1200,50
吉野家,埼玉県,吉野家 17号線宮原店,埼玉県さいたま市北区宮原町1丁目503‐1,1200,20240302,1150,50
吉野家,埼玉県,吉野家 17号線熊谷佐谷田店,埼玉県熊谷市佐谷田88‐1,1150,20240302,1100,50
吉野家,埼玉県,吉野家 17号線鴻巣店,埼玉県鴻巣市宮地1丁目8‐49,1150,20240302,1100,50
吉野家,埼玉県,吉野家 17号線上尾店,埼玉県上尾市久保77‐1,1150,20240302,1100,50
吉野家,埼玉県,吉野家 17号線深谷店,埼玉県深谷市国済寺503‐3,1150,20240302,1100,50
吉野家,埼玉県,吉野家 17号線与野店,埼玉県さいたま市中央区円阿弥6丁目3‐1,1200,20240302,1150,50
吉野家,埼玉県,吉野家 17号線与野本町店,埼玉県さいたま市中央区本町西4丁目15‐12,1200,20240302,1150,50
吉野家,長野県,吉野家 18号線上田国分店,長野県上田市国分1丁目962‐1,1100,20240302,1000,100
吉野家,香川県,吉野家 193号線高松仏生山店,香川県高松市仏生山町甲1319‐1,1050,20240302,950,100
吉野家,愛媛県,吉野家 196号線今治店,愛媛県今治市中寺242‐4,1200,20240302,1000,200
吉野家,岐阜県,吉野家 19号線恵那店,岐阜県恵那市長島町正家2丁目7‐2,1100,20240302,1050,50
吉野家,愛知県,吉野家 19号線春日井西店,愛知県春日井市浅山町1311‐4,1100,20240302,1050,50
吉野家,愛知県,吉野家 1号線御油店,愛知県豊川市御油町八面横40,1100,20240302,1050,50
吉野家,愛知県,吉野家 1号線知立店,愛知県知立市中町花山51‐1,1100,20240302,1050,50
吉野家,静岡県,吉野家 1号線浜松石原町店,静岡県浜松市中央区石原町693,1050,20240302,1000,50
吉野家,三重県,吉野家 1号線富洲原店,三重県三重郡川越町豊田318‐1,1100,20240302,1050,50
吉野家,愛知県,吉野家 1号線弥富店,愛知県弥富市鯏浦町中六130‐1,1100,20240302,1050,50
吉野家,福岡県,吉野家 200号線飯塚店,福岡県飯塚市小正40‐3,1050,20240302,950,100
吉野家,福岡県,吉野家 202号線BP原店,福岡県福岡市早良区原4丁目25‐15,1000,20240302,980,20
吉野家,大分県,吉野家 213号線中津店,大分県中津市中殿町3丁目26‐8,1000,20240302,950,50
吉野家,岐阜県,吉野家 21号線垂井店,岐阜県不破郡垂井町綾戸東103‐1,1050,20240302,1000,50
吉野家,三重県,吉野家 23号線伊勢店,三重県伊勢市御薗町長屋2127,1100,20240302,1050,50
吉野家,愛知県,吉野家 23号線花田町店,愛知県豊橋市花田町荒木24‐1,1100,20240302,1050,50
吉野家,三重県,吉野家 23号線白子店,三重県鈴鹿市白子駅前6‐39,1050,20240302,1000,50
吉野家,愛知県,吉野家 247号線半田店,愛知県半田市星崎町3丁目22‐4,1150,20240302,1050,100
吉野家,奈良県,吉野家 24号線葛城店,奈良県葛城市忍海488‐1,1020,20240302,1000,20
吉野家,京都府,吉野家 24号線竹田久保町店,京都府京都市伏見区竹田久保町68,1150,20240302,1050,100
吉野家,兵庫県,吉野家 250号線西明石店,兵庫県明石市西明石西町1丁目10‐12,1080,20240302,1050,30
吉野家,兵庫県,吉野家 250号線播磨町店,兵庫県加古郡播磨町北古田1丁目19‐2,1080,20240302,1050,30
吉野家,埼玉県,吉野家 254号線新座店,埼玉県新座市野火止1丁目7‐20,1150,20240302,1100,50
吉野家,三重県,吉野家 258号線桑名店,三重県桑名市江場676‐1,1100,20240302,1050,50
吉野家,岐阜県,吉野家 258号線大垣店,岐阜県大垣市築捨町4‐10‐1,1100,20240302,1000,100
吉野家,奈良県,吉野家 25号線天理店,奈良県天理市田井庄町498‐1,1020,20240302,1000,20
吉野家,奈良県,吉野家 25号線斑鳩店,奈良県生駒郡斑鳩町幸前2丁目309‐3,1020,20240302,1000,20
吉野家,大阪府,吉野家 26号線貝塚店,大阪府貝塚市石才229‐1,1100,20240302,1080,20
吉野家,大阪府,吉野家 26号線岸和田八阪店,大阪府岸和田市八阪町1丁目7‐13,1100,20240302,1080,20
吉野家,大阪府,吉野家 26号線堺浜寺店,大阪府堺市西区浜寺船尾町東1丁112,1100,20240302,1080,20
吉野家,大阪府,吉野家 26号線泉佐野店,大阪府泉佐野市高松東2丁目6529,1100,20240302,1080,20
吉野家,大阪府,吉野家 26号線泉大津店,大阪府泉大津市北豊中町3丁目1‐3,1110,20240302,1080,30
吉野家,兵庫県,吉野家 28号線洲本店,兵庫県南あわじ市山添81‐1,1050,20240302,1001,49
吉野家,山口県,吉野家 2号線下関長府店,山口県下関市長府才川1丁目42‐41,1000,20240302,980,20
吉野家,兵庫県,吉野家 2号線加古川平野店,兵庫県加古川市加古川町平野482,1100,20240302,1050,50
吉野家,兵庫県,吉野家 2号線姫路市川橋店,兵庫県姫路市花田町一本松437‐3,1050,20240302,1030,20
吉野家,広島県,吉野家 2号線福山久松通り店,広島県福山市延広町4‐15,1050,20240302,1000,50
吉野家,兵庫県,吉野家 2号線明石硯町店,兵庫県明石市硯町3丁目427‐1,1080,20240302,1050,30
吉野家,大阪府,吉野家 308号線吉田店,大阪府東大阪市角田1丁目5‐50,1130,20240302,1100,30
吉野家,大阪府,吉野家 309号線三宅店,大阪府松原市三宅中1丁目269‐2,1100,20240302,1080,20
吉野家,大阪府,吉野家 309号線美原店,大阪府堺市美原区太井81‐1,1100,20240302,1080,20
吉野家,沖縄県,吉野家 329号線南風原店,沖縄県島尻郡南風原町兼城516‐1,950,20240302,920,30
吉野家,沖縄県,吉野家 330号線宜野湾店,沖縄県宜野湾市我如古1丁目54‐23,950,20240302,920,30
吉野家,沖縄県,吉野家 330号線壺川店,沖縄県那覇市壺川2丁目1‐6,1000,20240302,950,50
吉野家,沖縄県,吉野家 331号線糸満店,沖縄県糸満市潮平772‐1,950,20240302,920,30
吉野家,福岡県,吉野家 385号線那珂川店,福岡県那珂川市片縄東1丁目20‐3,1000,20240302,950,50
吉野家,熊本県,吉野家 3号線近見店,熊本県熊本市南区近見2丁目1‐5,980,20240302,950,30
吉野家,福岡県,吉野家 3号線宗像店,福岡県宗像市光岡300‐1,1000,20240302,950,50
吉野家,福岡県,吉野家 3号線箱崎店,福岡県福岡市東区箱崎2丁目42‐6,1050,20240302,1000,50
吉野家,岐阜県,吉野家 41号線高山店,岐阜県高山市上岡本町3丁目78,1150,20240302,1050,100
吉野家,愛知県,吉野家 41号線小牧店,愛知県小牧市小木東1丁目140,1100,20240302,1050,50
吉野家,富山県,吉野家 41号線富山城南公園前店,富山県富山市花園町3丁目8‐10,1100,20240302,1000,100
吉野家,富山県,吉野家 41号線富山田中町店,富山県富山市田中町5丁目4‐13,1100,20240302,1050,50
吉野家,愛知県,吉野家 41号線豊場南店,愛知県名古屋市北区丸新町3‐1,1100,20240302,1050,50
吉野家,岡山県,吉野家 430号線水島店,岡山県倉敷市東塚1丁目311‐1,1000,20240302,950,50
吉野家,愛媛県,吉野家 437号線三津浜店,愛媛県松山市祓川1丁目2‐10,1000,20240302,950,50
吉野家,埼玉県,吉野家 463号線南与野店,埼玉県さいたま市中央区鈴谷2丁目603‐2,1200,20240302,1100,100
吉野家,埼玉県,吉野家 4号線越谷店,埼玉県越谷市谷中町1丁目134‐1,1150,20240302,1100,50
吉野家,岡山県,吉野家 53号線国体町店,岡山県岡山市北区南方5丁目1‐2,1000,20240302,950,50
吉野家,鳥取県,吉野家 53号線鳥取吉成店,鳥取県鳥取市吉成779‐2,1000,20240302,950,50
吉野家,沖縄県,吉野家 58号線牧港店,沖縄県浦添市牧港5丁目5‐7,950,20240302,920,30
吉野家,石川県,吉野家 8号線福久町店,石川県金沢市福久町ホ15‐1,1100,20240302,1050,50
吉野家,滋賀県,吉野家 8号線野洲店,滋賀県野洲市小篠原481‐1,1050,20240302,1000,50
吉野家,京都府,吉野家 9号線亀岡千代川店,京都府亀岡市千代川町高野林西田7‐27,1100,20240302,1050,50
吉野家,島根県,吉野家 9号線松江店,島根県松江市西津田2丁目6‐23,1050,20240302,1000,50
吉野家,京都府,吉野家 9号線洛西中山店,京都府京都市西京区大枝中山町1‐124,1100,20240302,1050,50
吉野家,大阪府,吉野家 JR茨木駅前店,大阪府茨木市西駅前町5‐36,1130,20240302,1100,30
吉野家,大阪府,吉野家 JR京橋駅ホーム店,大阪府大阪市城東区新喜多1丁目2‐31,1150,20240302,1100,50
吉野家,大阪府,吉野家 JR玉造駅店,大阪府大阪市天王寺区玉造元町1‐40,1180,20240302,1150,30
吉野家,静岡県,吉野家 JR清水駅店,静岡県静岡市清水区真砂町1‐1,1050,20240302,1000,50
吉野家,大阪府,吉野家 JR西九条駅店,大阪府大阪市此花区西九条3丁目16,1150,20240302,1100,50
吉野家,静岡県,吉野家 JR静岡駅店,静岡県静岡市葵区黒金町47,1100,20240302,1050,50
吉野家,東京都,吉野家 JR拝島駅店,東京都昭島市松原町4丁目14‐4,1200,20240302,1150,50
吉野家,千葉県,吉野家 TXGA流山おおたかの森店,千葉県流山市おおたかの森北一丁目1番地の1,1200,20240302,1150,50
吉野家,沖縄県,吉野家 うるま志林川店,沖縄県うるま市高江洲1079‐1,950,20240302,920,30
吉野家,東京都,吉野家 お台場デックス店,東京都港区台場1丁目6‐1,1350,20240302,1300,50
吉野家,東京都,吉野家 お茶の水店,東京都千代田区神田駿河台2丁目4‐14,1350,20240302,1300,50
吉野家,大阪府,吉野家 ぐみの木店,大阪府大阪狭山市ぐみの木6丁目921‐1,1100,20240302,1080,20
吉野家,埼玉県,吉野家 さいたま東大宮店,埼玉県さいたま市見沼区東大宮3丁目3‐12,1150,20240302,1100,50
吉野家,埼玉県,吉野家 せんげん台駅西口店,埼玉県越谷市千間台西1丁目67,1150,20240302,1100,50
吉野家,大阪府,吉野家 なんばCITY南館店,大阪府大阪市中央区難波5丁目1‐60,1200,20240302,1150,50
吉野家,沖縄県,吉野家 ひめゆり通り店,沖縄県那覇市壺屋2‐6‐5,950,20240302,920,30
吉野家,埼玉県,吉野家 イオンモール川口前川店,埼玉県川口市前川1丁目1‐11,1200,20240302,1150,50
吉野家,神奈川,吉野家 イオン相模原店,神奈川県相模原市南区古淵2丁目10‐1,1200,20240302,1120,80
吉野家,沖縄県,吉野家 イオン北谷店,沖縄県中頭郡北谷町美浜8‐3,950,20240302,920,30
吉野家,大阪府,吉野家 エコールいずみ店,大阪府和泉市いぶき野5丁目1‐14,1100,20240302,1080,20
吉野家,大阪府,吉野家 ザビエル公園店,大阪府堺市堺区戎之町東1‐1,1100,20240302,1080,20
吉野家,大阪府,吉野家 ドーチカ店,大阪府大阪市北区堂島1丁目,1170,20240302,1140,30
吉野家,沖縄県,吉野家 パイプライン浦添店,沖縄県浦添市屋富祖1丁目1‐2,950,20240302,920,30
吉野家,千葉県,吉野家 パビリオン成田店,千葉県成田市ウイング土屋80,1250,20240302,1200,50
吉野家,大阪府,吉野家 ビエラ岸辺健都店,大阪府吹田市岸部新町5‐45,1150,20240302,1100,50
吉野家,大阪府,吉野家 ビエラ高槻南店,大阪府高槻市紺屋町1‐3,1130,20240302,1100,30
吉野家,兵庫県,吉野家 フェニックスプラザ摩耶店,兵庫県神戸市灘区味泥町6‐1,1080,20240302,1001,79
吉野家,兵庫県,吉野家 フレンテ西宮店,兵庫県西宮市池田町11‐1,1080,20240302,1001,79
吉野家,兵庫県,吉野家 プリコ六甲道店,兵庫県神戸市灘区永手町4‐1‐1,1080,20240302,1001,79
吉野家,山口県,吉野家 リピエ下関店,山口県下関市竹崎町4丁目3‐3,1000,20240302,980,20
吉野家,大阪府,吉野家 ヴィアあべのウォーク店,大阪府大阪市阿倍野区阿倍野筋1丁目6‐1,1200,20240302,1150,50
吉野家,東京都,吉野家 阿佐ヶ谷店,東京都杉並区成田東5丁目42‐10,1250,20240302,1200,50
吉野家,大阪府,吉野家 阿波座店,大阪府大阪市西区阿波座1丁目13‐11,1150,20240302,1100,50
吉野家,愛媛県,吉野家 伊予松前店,愛媛県伊予郡松前町北黒田240‐1,1100,20240302,950,150
吉野家,愛知県,吉野家 一宮妙興寺店,愛知県一宮市妙興寺1丁目2‐10,1100,20240302,1050,50
吉野家,東京都,吉野家 一橋学園店,東京都小平市学園東町1-5-7（豊正ビル1F）,1500,20240302,1450,50
吉野家,愛知県,吉野家 稲沢下津店,愛知県稲沢市下津下町西1丁目62‐1,1100,20240302,1050,50
吉野家,愛知県,吉野家 稲沢市役所前店,愛知県稲沢市船橋町花ノ木1191‐1,1100,20240302,1050,50
吉野家,大阪府,吉野家 茨田店,大阪府大阪市鶴見区浜3丁目7‐107,1130,20240302,1100,30
吉野家,大阪府,吉野家 茨木真砂店,大阪府茨木市真砂1丁目2‐4,1130,20240302,1100,30
吉野家,大阪府,吉野家 羽曳野店,大阪府羽曳野市向野3丁目74‐1,1100,20240302,1080,20
吉野家,埼玉県,吉野家 浦和駅東口店,埼玉県さいたま市浦和区東仲町1‐22,1250,20240302,1200,50
吉野家,埼玉県,吉野家 浦和仲町店,埼玉県さいたま市浦和区仲町2丁目3‐22,1250,20240302,1200,50
吉野家,東京都,吉野家 曳舟店,東京都墨田区京島1丁目1‐1‐101,1300,20240302,1250,50
吉野家,愛知県,吉野家 栄生店,愛知県名古屋市西区栄生1丁目32‐16,1150,20240302,1100,50
吉野家,埼玉県,吉野家 越谷駅高架下店,埼玉県越谷市弥生町4‐11,1150,20240302,1100,50
吉野家,愛知県,吉野家 塩釜口店,愛知県名古屋市天白区塩釜口1丁目832,1100,20240302,1050,50
吉野家,東京都,吉野家 押上店,東京都墨田区押上1丁目19‐1,1300,20240302,1250,50
吉野家,大阪府,吉野家 横堤店,大阪府大阪市鶴見区横堤3丁目6‐44,1130,20240302,1100,30
吉野家,東京都,吉野家 王子神谷店,東京都北区王子5丁目10‐1,1300,20240302,1200,100
吉野家,東京都,吉野家 王子東店,東京都北区王子1丁目6‐7,1300,20240302,1200,100
吉野家,奈良県,吉野家 王寺駅前店,奈良県北葛城郡王寺町久度2丁目3538‐1,1020,20240302,1000,20
吉野家,愛知県,吉野家 岡崎南店,愛知県岡崎市若松東1丁目3‐5,1100,20240302,1050,50
吉野家,愛知県,吉野家 岡崎北店,愛知県岡崎市井ノ口新町1‐3,1100,20240302,1050,50
吉野家,岡山県,吉野家 岡山裁判所前店,岡山県岡山市北区富田町1丁目4‐8,1000,20240302,950,50
吉野家,岡山県,吉野家 岡山新保店,岡山県岡山市南区新保1614‐1,1100,20240302,1000,100
吉野家,岡山県,吉野家 岡山桃太郎通り店,岡山県岡山市北区本町2‐9,1100,20240302,1000,100
吉野家,岡山県,吉野家 岡山平井店,岡山県岡山市中区平井4丁目24‐32,1000,20240302,950,50
吉野家,沖縄県,吉野家 沖縄南インター店,沖縄県沖縄市上地4丁目20‐7,950,20240302,920,30
吉野家,東京都,吉野家 荻窪北口店,東京都杉並区上荻1丁目15‐2,1250,20240302,1200,50
吉野家,山口県,吉野家 下関幡生店,山口県下関市生野町2丁目28‐4,1000,20240302,980,20
吉野家,東京都,吉野家 下高井戸駅店,東京都世田谷区松原3丁目29‐17,1250,20240302,1200,50
吉野家,埼玉県,吉野家 下笹目店,埼玉県戸田市笹目6丁目21‐4,1150,20240302,1100,50
吉野家,東京都,吉野家 下石神井千川通り店,東京都練馬区下石神井2丁目3‐1,1500,20240302,1400,100
吉野家,東京都,吉野家 下北沢駅東口店,東京都世田谷区北沢2丁目25‐16,1300,20240302,1250,50
吉野家,兵庫県,吉野家 加古川駅北口店,兵庫県加古川市加古川町篠原町30‐10,1080,20240302,1001,79
吉野家,奈良県,吉野家 河合町店,奈良県北葛城郡河合町池部2丁目4‐17,1020,20240302,1000,20
吉野家,大阪府,吉野家 河内小阪駅前店,大阪府東大阪市小阪本町1丁目3‐2,1100,20240302,1080,20
吉野家,静岡県,吉野家 掛川店,静岡県掛川市城西2丁目13‐5,1100,20240302,1050,50
吉野家,奈良県,吉野家 橿原木原町店,奈良県橿原市木原町223‐1,1020,20240302,1000,20
吉野家,東京都,吉野家 環状7号線豊玉南店,東京都練馬区豊玉南2丁目16‐15,1300,20240302,1200,100
吉野家,愛媛県,吉野家 環状線和泉店,愛媛県松山市土居田町94‐1,1000,20240302,950,50
吉野家,大阪府,吉野家 関目店,大阪府大阪市城東区成育5丁目22‐11,1150,20240302,1100,50
吉野家,愛知県,吉野家 丸田町店,愛知県名古屋市中区栄5丁目25‐28,1250,20240302,1200,50
吉野家,大阪府,吉野家 岸和田和泉インター店,大阪府岸和田市三田町400‐21,1100,20240302,1080,20
吉野家,愛知県,吉野家 岩倉店,愛知県岩倉市大地新町3丁目10‐1,1100,20240302,1050,50
吉野家,岐阜県,吉野家 岐阜羽島店,岐阜県羽島市竹鼻町丸の内1丁目1,1050,20240302,1000,50
吉野家,東京都,吉野家 菊川駅前店,東京都墨田区菊川2丁目6‐13,1300,20240302,1250,50
吉野家,東京都,吉野家 吉祥寺北店,東京都武蔵野市吉祥寺本町1丁目8‐3,1300,20240302,1250,50
吉野家,愛知県,吉野家 久屋大通錦店,愛知県名古屋市中区錦3丁目6‐15,1150,20240302,1100,50
吉野家,宮崎県,吉野家 宮崎瀬頭店,宮崎県宮崎市瀬頭2丁目1‐4,1000,20240302,950,50
吉野家,宮崎県,吉野家 宮崎南店,宮崎県宮崎市中村西3丁目3‐61,1000,20240302,950,50
吉野家,富山県,吉野家 魚津店,富山県魚津市上村木848‐2,1150,20240302,1050,100
吉野家,東京都,吉野家 京王多摩センター店,東京都多摩市落合1丁目10‐1,1200,20240302,1150,50
吉野家,神奈川,吉野家 京急川崎店,神奈川県川崎市川崎区砂子1丁目1‐8,1250,20240302,1200,50
吉野家,京都府,吉野家 京都九条店,京都府京都市南区西九条東島町61,1100,20240302,1070,30
吉野家,京都府,吉野家 京都八条口店,京都府京都市南区西九条北ノ内町41番4,1150,20240302,1100,50
吉野家,大阪府,吉野家 玉出店,大阪府大阪市住之江区粉浜西1丁目1‐23,1100,20240302,1080,20
吉野家,三重県,吉野家 近鉄四日市店,三重県四日市市安島1丁目1‐20,1100,20240302,1050,50
吉野家,大阪府,吉野家 近鉄八尾駅前店,大阪府八尾市光町2丁目180‐1,1120,20240302,1080,40
吉野家,石川県,吉野家 金沢もりの里店,石川県金沢市もりの里1丁目60,1050,20240302,1000,50
吉野家,石川県,吉野家 金沢三馬店,石川県金沢市三馬3‐345,1050,20240302,1000,50
吉野家,石川県,吉野家 金沢新神田店,石川県金沢市新神田2丁目13‐10,1050,20240302,1000,50
吉野家,石川県,吉野家 金沢畝田店,石川県金沢市畝田西1丁目103,1050,20240302,1000,50
吉野家,大阪府,吉野家 九条店,大阪府大阪市西区千代崎2丁目10‐1,1150,20240302,1100,50
吉野家,東京都,吉野家 駒込駅東口店,東京都北区中里1丁目‐6‐4,1250,20240302,1200,50
吉野家,埼玉県,吉野家 熊谷駅北口店,埼玉県熊谷市筑波2丁目112,1150,20240302,1100,50
吉野家,熊本県,吉野家 熊本健軍店,熊本県熊本市東区東野2丁目1‐3,980,20240302,950,30
吉野家,熊本県,吉野家 熊本東バイパス店,熊本県熊本市東区上南部2丁目1‐108,980,20240302,950,30
吉野家,香川県,吉野家 栗林店,香川県高松市東ハゼ町12‐4,1050,20240302,950,100
吉野家,岐阜県,吉野家 郡上八幡店,岐阜県郡上市八幡町城南町221‐1,1100,20240302,1000,100
吉野家,東京都,吉野家 恵比寿駅前店,東京都渋谷区恵比寿西1丁目9‐6,1400,20240302,1300,100
吉野家,東京都,吉野家 恵比寿駅東口店,東京都渋谷区恵比寿1‐13‐9,1400,20240302,1300,100
吉野家,大阪府,吉野家 恵美須町店,大阪府大阪市浪速区日本橋5丁目13‐9,1200,20240302,1100,100
吉野家,埼玉県,吉野家 見沼南中野店,埼玉県さいたま市見沼区南中野461‐1,1150,20240302,1100,50
吉野家,東京都,吉野家 原宿竹下口店,東京都渋谷区神宮前1丁目17‐1,1400,20240302,1300,100
吉野家,千葉県,吉野家 原木中山駅店,千葉県船橋市本中山7‐7‐1,1150,20240302,1100,50
吉野家,愛知県,吉野家 古出来町店,愛知県名古屋市千種区北千種1丁目1‐1,1150,20240302,1100,50
吉野家,埼玉県,吉野家 戸田喜沢店,埼玉県戸田市喜沢1丁目23‐1,1150,20240302,1100,50
吉野家,埼玉県,吉野家 戸田新曽店,埼玉県戸田市新曽2097,1150,20240302,1100,50
吉野家,埼玉県,吉野家 戸田店,埼玉県戸田市下戸田2丁目11‐4,1150,20240302,1100,50
吉野家,滋賀県,吉野家 湖南夏見店,滋賀県湖南市夏見425‐1,1050,20240302,1000,50
吉野家,東京都,吉野家 虎ノ門店,東京都港区虎ノ門1丁目1‐21,1350,20240302,1300,50
吉野家,東京都,吉野家 五日市街道並木町店,東京都国分寺市並木町2丁目23‐7,1250,20240302,1150,100
吉野家,東京都,吉野家 五反田駅前店,東京都品川区東五反田1丁目13‐7,1350,20240302,1300,50
吉野家,大阪府,吉野家 御堂筋難波店,大阪府大阪市中央区道頓堀2丁目1‐1,1300,20240302,1200,100
吉野家,東京都,吉野家 護国寺店,東京都文京区音羽2丁目2‐2,1250,20240302,1200,50
吉野家,神奈川,吉野家 向ヶ丘駅前店,神奈川県川崎市多摩区登戸2737‐5,1200,20240302,1150,50
吉野家,東京都,吉野家 江古田南口店,東京都練馬区豊玉上1丁目10‐10,1300,20240302,1200,100
吉野家,大阪府,吉野家 江坂駅東店,大阪府吹田市江坂町1丁目22‐12,1150,20240302,1100,50
吉野家,福岡県,吉野家 港町店,福岡県福岡市中央区港2丁目7‐7,1100,20240302,1050,50
吉野家,東京都,吉野家 甲州街道府中白糸台店,東京都府中市若松町1丁目25‐6,1250,20240302,1200,50
吉野家,東京都,吉野家 高円寺駅前店,東京都杉並区高円寺北2丁目4‐7,1250,20240302,1200,50
吉野家,富山県,吉野家 高岡上北島店,富山県高岡市上北島40‐1,1100,20240302,1050,50
吉野家,香川県,吉野家 高松屋島店,香川県高松市新田町甲69番地5,1000,20240302,950,50
吉野家,香川県,吉野家 高松中央インター店,香川県高松市木太町581‐4,1050,20240302,1000,50
吉野家,大阪府,吉野家 高槻若松町店,大阪府高槻市若松町3‐6,1130,20240302,1100,30
吉野家,東京都,吉野家 高田馬場駅前店,東京都新宿区高田馬場1丁目26‐12,1400,20240302,1300,100
吉野家,東京都,吉野家 高島平大門店,東京都板橋区高島平3丁目3‐2,1200,20240302,1150,50
吉野家,愛知県,吉野家 高浜沢渡町店,愛知県高浜市沢渡町5丁目5‐10,1100,20240302,1050,50
吉野家,大阪府,吉野家 鴻池新田店,大阪府東大阪市中鴻池町2丁目1‐7,1130,20240302,1080,50
吉野家,愛知県,吉野家 国際センター店,愛知県名古屋市中村区那古野1丁目46‐12,1150,20240302,1100,50
吉野家,東京都,吉野家 国分寺北口店,東京都国分寺市本町2丁目10‐5,1250,20240302,1150,100
吉野家,東京都,吉野家 国立府中インター店,東京都国立市谷保620‐1,1200,20240302,1150,50
吉野家,大阪府,吉野家 今里店,大阪府大阪市東成区大今里西1丁目30‐10,1120,20240302,1080,40
吉野家,東京都,吉野家 根津店,東京都文京区根津2丁目18‐12,1250,20240302,1200,50
吉野家,山口県,吉野家 佐波川SA下り店,山口県防府市佐野452‐2,1100,20240302,980,120
吉野家,山口県,吉野家 佐波川SA上り店,山口県防府市佐野1431,1100,20240302,980,120
吉野家,香川県,吉野家 坂出店,香川県坂出市元町3丁目5‐2,1100,20240302,980,120
吉野家,大阪府,吉野家 阪急茨木市駅前店,大阪府茨木市別院町3‐1,1130,20240302,1100,30
吉野家,京都府,吉野家 阪急西院店,京都府京都市右京区西院高山寺町12‐1,1150,20240302,1050,100
吉野家,大阪府,吉野家 阪南鳥取店,大阪府阪南市黒田705‐1,1100,20240302,1080,20
吉野家,大阪府,吉野家 堺インター店,大阪府堺市中区平井775‐1,1130,20240302,1080,50
吉野家,大阪府,吉野家 堺石津川店,大阪府堺市西区浜寺石津町西2丁322‐1,1120,20240302,1100,20
吉野家,大阪府,吉野家 堺東駅前店,大阪府堺市堺区中瓦町2丁目3‐26,1120,20240302,1080,40
吉野家,大阪府,吉野家 桜橋店,大阪府大阪市北区曽根崎新地2丁目1‐21,1170,20240302,1140,30
吉野家,東京都,吉野家 笹塚京王クラウン街店,東京都渋谷区笹塚1‐55‐16,1300,20240302,1200,100
吉野家,埼玉県,吉野家 三郷上彦名店,埼玉県三郷市上彦名417‐1,1150,20240302,1100,50
吉野家,埼玉県,吉野家 三郷中央店,埼玉県三郷市中央5丁目45‐6,1150,20240302,1100,50
吉野家,東京都,吉野家 三軒茶屋店,東京都世田谷区太子堂2丁目16‐8,1400,20240302,1300,100
吉野家,山口県,吉野家 山陽小野田店,山口県山陽小野田市日の出2丁目8-4,1000,20240302,980,20
吉野家,埼玉県,吉野家 産業道路さいたま上木崎店,埼玉県さいたま市浦和区上木崎4丁目12‐12,1150,20240302,1100,50
吉野家,東京都,吉野家 四ッ谷駅前店,東京都新宿区四谷1丁目8‐14,1400,20240302,1200,200
吉野家,東京都,吉野家 市ヶ谷駅前店,東京都千代田区五番町3‐3,1400,20240302,1300,100
吉野家,愛知県,吉野家 市大病院前店,愛知県名古屋市瑞穂区瑞穂通1丁目2,1100,20240302,1050,50
吉野家,東京都,吉野家 市谷本村町1F店,東京都新宿区市谷本村町5番‐1号,1400,20240302,1300,100
吉野家,愛知県,吉野家 市役所通り蒲郡店,愛知県蒲郡市竹谷町松本22‐1,1100,20240302,1050,50
吉野家,東京都,吉野家 志村坂上店,東京都板橋区志村2‐1‐4,1200,20240302,1150,50
吉野家,埼玉県,吉野家 志木南口店,埼玉県新座市東北2丁目38‐1,1150,20240302,1100,50
吉野家,大阪府,吉野家 寺田町駅前店,大阪府大阪市天王寺区大道4丁目10‐9,1150,20240302,1100,50
吉野家,鹿児島,吉野家 鹿屋店,鹿児島県鹿屋市寿2丁目8‐7,1000,20240302,950,50
吉野家,東京都,吉野家 芝大門店,東京都港区芝大門2丁目1‐2,1350,20240302,1300,50
吉野家,大阪府,吉野家 守口駅前店,大阪府守口市京阪本通2丁目15‐13,1130,20240302,1100,30
吉野家,東京都,吉野家 秋葉原中央通り店,東京都千代田区外神田1丁目11‐8,1350,20240302,1300,50
吉野家,東京都,吉野家 秋葉原店,東京都千代田区神田松永町10‐1,1350,20240302,1300,50
吉野家,大阪府,吉野家 住之江公園店,大阪府大阪市住之江区南加賀屋2丁目8‐26,1100,20240302,1080,20
吉野家,大阪府,吉野家 十三店,大阪府大阪市淀川区十三本町1丁目8‐17,1150,20240302,1100,50
吉野家,東京都,吉野家 渋谷109前店,東京都渋谷区道玄坂2丁目5‐7,1500,20240302,1400,100
吉野家,福岡県,吉野家 春吉店,福岡県福岡市中央区春吉3丁目21‐21,1100,20240302,1000,100
吉野家,愛知県,吉野家 春日井出川町店,愛知県春日井市出川町8丁目10‐6,1100,20240302,1050,50
吉野家,愛知県,吉野家 春日井店,愛知県春日井市鳥居松町1丁目15‐297,1100,20240302,1050,50
吉野家,福岡県,吉野家 春日宝町店,福岡県春日市宝町4丁目24‐6,980,20240302,950,30
吉野家,埼玉県,吉野家 所沢駅前店,埼玉県所沢市日吉町11‐20,1150,20240302,1100,50
吉野家,愛知県,吉野家 小割通店,愛知県名古屋市港区小割通3丁目1,1100,20240302,1050,50
吉野家,神奈川,吉野家 小田急新百合ヶ丘駅店,神奈川県川崎市麻生区万福寺1‐18‐1,1200,20240302,1150,50
吉野家,神奈川,吉野家 小田急登戸駅店,神奈川県川崎市多摩区登戸3437‐2,1300,20240302,1200,100
吉野家,愛知県,吉野家 庄内緑地公園店,愛知県名古屋市西区南川町15,1150,20240302,1100,50
吉野家,東京都,吉野家 昭島モリタウン店,東京都昭島市田中町562‐1,1200,20240302,1150,50
吉野家,京都府,吉野家 松井山手店,京都府八幡市美濃山出口38‐1,1100,20240302,1070,30
吉野家,千葉県,吉野家 松戸西口店,千葉県松戸市本町20‐2,1200,20240302,1150,50
吉野家,島根県,吉野家 松江学園通り店,島根県松江市学園1丁目17‐20,1000,20240302,950,50
吉野家,愛媛県,吉野家 松山枝松店,愛媛県松山市枝松1丁目9‐8,1000,20240302,950,50
吉野家,愛媛県,吉野家 松山竹原店,愛媛県松山市竹原2丁目1‐39,1100,20240302,950,150
吉野家,愛知県,吉野家 松葉公園店,愛知県名古屋市中川区太平通1丁目13,1150,20240302,1100,50
吉野家,愛知県,吉野家 上社店,愛知県名古屋市名東区上社2丁目241,1150,20240302,1100,50
吉野家,大阪府,吉野家 上新庄駅前店,大阪府大阪市東淀川区上新庄2丁目24‐24,1130,20240302,1100,30
吉野家,埼玉県,吉野家 上尾駅前店,埼玉県上尾市谷津2丁目1‐50‐1,1150,20240302,1100,50
吉野家,東京都,吉野家 上北沢店,東京都世田谷区上北沢5丁目2‐4,1300,20240302,1200,100
吉野家,大阪府,吉野家 上本町店,大阪府大阪市天王寺区上本町6丁目6‐23,1150,20240302,1100,50
吉野家,大阪府,吉野家 城北公園前店,大阪府大阪市旭区生江三丁目16‐34,1120,20240302,1070,50
吉野家,大阪府,吉野家 寝屋川市駅前店,大阪府寝屋川市早子町23‐2,1130,20240302,1100,30
吉野家,大阪府,吉野家 寝屋川昭栄町店,大阪府寝屋川市昭栄町16‐8,1130,20240302,1100,30
吉野家,大阪府,吉野家 寝屋川仁和寺店,大阪府寝屋川市仁和寺町12‐15,1130,20240302,1100,30
吉野家,愛媛県,吉野家 新居浜神郷店,愛媛県新居浜市神郷1丁目41,1100,20240302,1030,70
吉野家,愛媛県,吉野家 新居浜店,愛媛県新居浜市松木町4‐14,1100,20240302,1030,70
吉野家,東京都,吉野家 新橋烏森口店,東京都港区新橋3丁目16‐3,1400,20240302,1300,100
吉野家,東京都,吉野家 新橋東店,東京都港区新橋2丁目18‐5,1350,20240302,1300,50
吉野家,東京都,吉野家 新宿センタービル店,東京都新宿区西新宿1丁目25‐1,1400,20240302,1300,100
吉野家,東京都,吉野家 新宿一丁目店,東京都新宿区新宿1丁目33‐10,1400,20240302,1300,100
吉野家,東京都,吉野家 新宿京王モール店,東京都新宿区西新宿1丁目1,1400,20240302,1300,100
吉野家,東京都,吉野家 新宿四丁目店,東京都新宿区新宿4丁目3‐22,1400,20240302,1300,100
吉野家,東京都,吉野家 新宿靖国通り店,東京都新宿区歌舞伎町1‐6‐3,1400,20240302,1300,100
吉野家,埼玉県,吉野家 新所沢店,埼玉県所沢市けやき台1丁目13‐6,1150,20240302,1100,50
吉野家,東京都,吉野家 新青梅街道島忠小平店,東京都東久留米市前沢5丁目33‐17,1250,20240302,1150,100
吉野家,東京都,吉野家 新青梅街道東大和店,東京都東大和市蔵敷3丁目889‐1,1200,20240302,1150,50
吉野家,東京都,吉野家 新大久保駅前店,東京都新宿区百人町2丁目4‐1,1400,20240302,1300,100
吉野家,兵庫県,吉野家 新長田店,兵庫県神戸市長田区大橋町4丁目3‐5,1100,20240302,1001,99
吉野家,神奈川,吉野家 新百合ヶ丘津久井道店,神奈川県川崎市麻生区片平1丁目7‐5,1200,20240302,1150,50
吉野家,兵庫県,吉野家 神戸伊川谷店,兵庫県神戸市西区伊川谷町潤和1155‐1,1080,20240302,1030,50
吉野家,兵庫県,吉野家 神戸名谷インター店,兵庫県神戸市垂水区名谷町997‐4,1100,20240302,1080,20
吉野家,東京都,吉野家 神谷町店,東京都港区虎ノ門5丁目11‐15,1350,20240302,1300,50
吉野家,愛知県,吉野家 甚目寺店,愛知県あま市下萱津五反田57,1150,20240302,1100,50
吉野家,兵庫県,吉野家 須磨パティオ店,兵庫県神戸市須磨区中落合2丁目2‐1,1080,20240302,1030,50
吉野家,大阪府,吉野家 吹田山田店,大阪府吹田市山田西2丁目7‐14,1200,20240302,1100,100
吉野家,東京都,吉野家 聖蹟桜ヶ丘店,東京都多摩市関戸2丁目41‐1,1200,20240302,1150,50
吉野家,東京都,吉野家 西荻窪駅前店,東京都杉並区西荻北3丁目19‐3,1250,20240302,1200,50
吉野家,兵庫県,吉野家 西宮久保店,兵庫県西宮市久保町11-1,1080,20240302,1001,79
吉野家,兵庫県,吉野家 西宮山口町店,兵庫県西宮市山口町名来2丁目19,1080,20240302,1030,50
吉野家,京都府,吉野家 西京極七条店,京都府京都市右京区西京極佃田町17,1150,20240302,1100,50
吉野家,東京都,吉野家 西新宿8丁目店,東京都新宿区西新宿8丁目4‐1,1300,20240302,1200,100
吉野家,千葉県,吉野家 西船橋店,千葉県船橋市西船4丁目21‐17,1200,20240302,1150,50
吉野家,東京都,吉野家 西大島店,東京都江東区大島1丁目30‐9,1300,20240302,1250,50
吉野家,大阪府,吉野家 西田辺店,大阪府大阪市阿倍野区西田辺町1丁目17‐1,1100,20240302,1080,20
吉野家,東京都,吉野家 西日暮里店,東京都荒川区西日暮里5丁目14‐11,1300,20240302,1200,100
吉野家,東京都,吉野家 西八王子駅北口店,東京都八王子市千人町2丁目20‐2,1200,20240302,1150,50
吉野家,東京都,吉野家 青山一丁目店,東京都港区北青山1丁目3‐3,1400,20240302,1300,100
吉野家,静岡県,吉野家 静岡SBS通り店,静岡県静岡市駿河区中田4丁目7‐21,1050,20240302,1000,50
吉野家,静岡県,吉野家 静岡呉服町通り店,静岡県静岡市葵区紺屋町6‐12,1100,20240302,1050,50
吉野家,静岡県,吉野家 静岡瀬名川店,静岡県静岡市葵区瀬名川2丁目4‐10,1050,20240302,1000,50
吉野家,東京都,吉野家 赤羽東口店,東京都北区赤羽1丁目10‐2,1300,20240302,1200,100
吉野家,愛知県,吉野家 赤塚パーキングエリア店,愛知県豊川市市田町北山7‐20,1200,20240302,1100,100
吉野家,大阪府,吉野家 摂津鳥飼店,大阪府摂津市鳥飼上4丁目1‐38,1130,20240302,1100,30
吉野家,大阪府,吉野家 摂津別府店,大阪府摂津市東別府3丁目6‐12,1130,20240302,1100,30
吉野家,愛知県,吉野家 千音寺店,愛知県名古屋市中川区吉津1丁目1808,1150,20240302,1100,50
吉野家,愛知県,吉野家 千種駅前店,愛知県名古屋市千種区今池1丁目1‐1,1150,20240302,1100,50
吉野家,大阪府,吉野家 千日前店,大阪府大阪市中央区難波千日前12‐41,1200,20240302,1150,50
吉野家,東京都,吉野家 川越街道成増店,東京都板橋区成増1丁目28‐14,1200,20240302,1150,50
吉野家,埼玉県,吉野家 川口駅東口店,埼玉県川口市川口1丁目1‐1,1250,20240302,1200,50
吉野家,埼玉県,吉野家 川口芝店,埼玉県川口市芝3丁目19‐4,1200,20240302,1150,50
吉野家,埼玉県,吉野家 川口上青木店,埼玉県川口市上青木1丁目5‐6,1150,20240302,1100,50
吉野家,埼玉県,吉野家 川口柳崎店,埼玉県川口市柳崎3丁目9‐2,1150,20240302,1100,50
吉野家,神奈川,吉野家 川崎駅前店,神奈川県川崎市川崎区駅前本町2‐1,1250,20240302,1200,50
吉野家,東京都,吉野家 浅草通り稲荷町店,東京都台東区東上野3丁目33‐8,1300,20240302,1250,50
吉野家,大阪府,吉野家 船場中央店,大阪府大阪市中央区南本町2丁目6‐8,1180,20240302,1150,30
吉野家,東京都,吉野家 祖師ケ谷大蔵駅前店,東京都世田谷区砧6丁目39‐6,1300,20240302,1250,50
吉野家,岡山県,吉野家 倉敷市役所前店,岡山県倉敷市白楽町418‐5,1100,20240302,1000,100
吉野家,福岡県,吉野家 早良街道西新店,福岡県福岡市早良区曙1丁目13‐25,1000,20240302,980,20
吉野家,東京都,吉野家 巣鴨南口店,東京都豊島区巣鴨1丁目12‐3,1300,20240302,1250,50
吉野家,神奈川,吉野家 相模大野駅前店,神奈川県相模原市南区相模大野3丁目10‐8,1200,20240302,1150,50
吉野家,岡山県,吉野家 総社店,岡山県総社市中央5丁目10‐102,1100,20240302,1000,100
吉野家,大阪府,吉野家 太子堂店,大阪府八尾市南太子堂2丁目1‐59,1100,20240302,1080,20
吉野家,愛知県,吉野家 打越店,愛知県名古屋市千種区星ヶ丘2丁目80,1150,20240302,1100,50
吉野家,静岡県,吉野家 袋井店,静岡県袋井市川井杉の木990‐5,1050,20240302,1000,50
吉野家,東京都,吉野家 大井町西口店,東京都品川区大井1丁目1‐16,1300,20240302,1200,100
吉野家,愛媛県,吉野家 大街道店,愛媛県松山市大街道2丁目6‐2,1100,20240302,950,150
吉野家,埼玉県,吉野家 大宮西口店,埼玉県さいたま市大宮区桜木町1丁目1‐11,1250,20240302,1200,50
吉野家,奈良県,吉野家 大宮通り芝辻町店,奈良県奈良市芝辻町1丁目3‐23,1000,20240302,980,20
吉野家,埼玉県,吉野家 大宮店,埼玉県さいたま市大宮区仲町1丁目97,1250,20240302,1200,50
吉野家,埼玉県,吉野家 大宮東口店,埼玉県さいたま市大宮区大門町1丁目17‐1,1300,20240302,1200,100
吉野家,大阪府,吉野家 大国町店,大阪府大阪市浪速区敷津東2丁目5‐11,1200,20240302,1100,100
吉野家,大阪府,吉野家 大阪駅前第3ビル店,大阪府大阪市北区梅田1丁目1‐3,1170,20240302,1140,30
吉野家,大阪府,吉野家 大阪京橋店,大阪府大阪市都島区東野田町5丁目2‐28,1150,20240302,1100,50
吉野家,大阪府,吉野家 大阪空港前店,大阪府豊中市蛍池西町2丁目141‐6,1150,20240302,1100,50
吉野家,東京都,吉野家 大崎ニューシティ店,東京都品川区大崎一丁目6番5号,1350,20240302,1300,50
吉野家,東京都,吉野家 大山駅前店,東京都板橋区大山町4‐6,1200,20240302,1150,50
吉野家,大阪府,吉野家 大正店,大阪府大阪市大正区三軒家東1丁目19‐9,1150,20240302,1100,50
吉野家,東京都,吉野家 大泉学園北口店,東京都練馬区東大泉1丁目29‐7,1300,20240302,1200,100
吉野家,大阪府,吉野家 大池橋店,大阪府大阪市生野区中川西3丁目5-32,1100,20240302,1080,20
吉野家,滋賀県,吉野家 大津膳所店,滋賀県大津市におの浜3丁目1‐57,1100,20240302,1050,50
吉野家,愛知県,吉野家 大津通栄店,愛知県名古屋市中区栄3丁目27‐7,1200,20240302,1100,100
吉野家,東京都,吉野家 大塚店,東京都豊島区南大塚2丁目46‐3,1300,20240302,1250,50
吉野家,奈良県,吉野家 大和郡山店,奈良県大和郡山市柳町80‐1,1020,20240302,1000,20
吉野家,奈良県,吉野家 大和高田東室店,奈良県大和高田市曽大根1丁目1‐5,1020,20240302,1000,20
吉野家,愛知県,吉野家 第2環状線笹原店,愛知県名古屋市天白区福池2丁目419,1100,20240302,1050,50
吉野家,東京都,吉野家 池袋北口店,東京都豊島区西池袋1丁目24‐1,1400,20240302,1300,100
吉野家,福岡県,吉野家 築港本町店,福岡県福岡市博多区神屋町9‐14,1200,20240302,1050,150
吉野家,大阪府,吉野家 中央大通深江橋店,大阪府大阪市東成区東今里2丁目2‐6,1130,20240302,1100,30
吉野家,大阪府,吉野家 中環学園町店,大阪府摂津市学園町1丁目7‐44,1130,20240302,1100,30
吉野家,大阪府,吉野家 中環松原丹南店,大阪府松原市丹南4丁目1‐4,1100,20240302,1080,20
吉野家,大阪府,吉野家 中環東大阪若江店,大阪府東大阪市若江南町3丁目8‐53,1100,20240302,1080,20
吉野家,愛知県,吉野家 中村公園店,愛知県名古屋市中村区太閤通9丁目15‐2,1150,20240302,1100,50
吉野家,大阪府,吉野家 中百舌鳥店,大阪府堺市北区百舌鳥梅町2丁3‐3,1100,20240302,1080,20
吉野家,東京都,吉野家 中目黒駅前店,東京都目黒区上目黒3丁目3‐5,1400,20240302,1300,100
吉野家,東京都,吉野家 中野野方店,東京都中野区野方5‐23‐6 ,1250,20240302,1200,50
吉野家,埼玉県,吉野家 朝霞台駅南口店,埼玉県朝霞市東弁財1丁目4‐17,1150,20240302,1100,50
吉野家,大阪府,吉野家 朝潮橋店,大阪府大阪市港区八幡屋1丁目1‐15,1150,20240302,1100,50
吉野家,東京都,吉野家 町田街道小山町店,東京都町田市小山町3647‐1,1200,20240302,1120,80
吉野家,東京都,吉野家 町田根岸店,東京都町田市根岸町1019‐8,1200,20240302,1150,50
吉野家,東京都,吉野家 町田小川店,東京都町田市小川3丁目2‐1,1200,20240302,1150,50
吉野家,東京都,吉野家 調布駅前店,東京都調布市布田1丁目37‐16,1250,20240302,1150,100
吉野家,愛知県,吉野家 長久手南店,愛知県長久手市市が洞3丁目1802,1150,20240302,1100,50
吉野家,大阪府,吉野家 長居店,大阪府大阪市住吉区長居東4丁目2‐3,1100,20240302,1080,20
吉野家,静岡県,吉野家 長泉店,静岡県駿東郡長泉町納米里199‐1,1050,20240302,1000,50
吉野家,三重県,吉野家 津駅チャム店,三重県津市羽所町1191‐1,1050,20240302,1000,50
吉野家,大阪府,吉野家 鶴橋駅前店,大阪府大阪市東成区東小橋3丁目16‐2,1180,20240302,1100,80
吉野家,大阪府,吉野家 帝塚山店,大阪府大阪市阿倍野区帝塚山1丁目12-6,1100,20240302,1080,20
吉野家,大阪府,吉野家 天下茶屋店,大阪府大阪市西成区岸里1丁目2‐9,1150,20240302,1100,50
吉野家,福岡県,吉野家 天神サザン通り店,福岡県福岡市中央区天神2丁目6‐32,1100,20240302,1000,100
吉野家,愛知県,吉野家 伝馬町店,愛知県名古屋市熱田区神宮2丁目6‐12,1100,20240302,1050,50
吉野家,東京都,吉野家 田端店,東京都北区田端新町2丁目8‐8,1300,20240302,1200,100
吉野家,東京都,吉野家 田町駅芝浦店,東京都港区芝浦3丁目15‐7,1350,20240302,1300,50
吉野家,静岡県,吉野家 島田店,静岡県島田市中河町8964‐1,1050,20240302,1000,50
吉野家,埼玉県,吉野家 東浦和店,埼玉県さいたま市緑区東浦和8丁目1‐13,1150,20240302,1100,50
吉野家,岡山県,吉野家 東岡山店,岡山県岡山市中区神下104‐1,1000,20240302,950,50
吉野家,東京都,吉野家 東久留米下里店,東京都東久留米市下里1丁目10‐4,1250,20240302,1150,100
吉野家,東京都,吉野家 東京工科大学店,東京都八王子市片倉町1404‐1,1200,20240302,1150,50
吉野家,東京都,吉野家 東銀座店,東京都中央区銀座3丁目11‐11,1350,20240302,1300,50
吉野家,東京都,吉野家 東小金井駅前店,東京都小金井市梶野町5丁目2‐37,1250,20240302,1150,100
吉野家,大阪府,吉野家 東心斎橋店,大阪府大阪市中央区東心斎橋1丁目10番15号,1200,20240302,1150,50
吉野家,大阪府,吉野家 東大阪八戸ノ里店,大阪府東大阪市御厨南2丁目4‐3,1100,20240302,1080,20
吉野家,兵庫県,吉野家 東灘御影店,兵庫県神戸市東灘区御影中町2丁目2‐14,1080,20240302,1001,79
吉野家,静岡県,吉野家 藤枝小石川店,静岡県藤枝市小石川町1丁目6‐19,1050,20240302,1000,50
吉野家,奈良県,吉野家 奈良広陵町店,奈良県北葛城郡広陵町大塚905‐1,1020,20240302,1000,20
吉野家,福岡県,吉野家 南バイパス太宰府店,福岡県太宰府市梅香苑1丁目1‐41,980,20240302,950,30
吉野家,埼玉県,吉野家 南越谷店,埼玉県越谷市南越谷1丁目23‐1,1150,20240302,1100,50
吉野家,大阪府,吉野家 南港通り平野店,大阪府大阪市平野区平野西1丁目1-6,1120,20240302,1080,40
吉野家,東京都,吉野家 南池袋店,東京都豊島区南池袋2丁目26‐4,1350,20240302,1300,50
吉野家,兵庫県,吉野家 尼崎昭和通店,兵庫県尼崎市昭和通8丁目270‐1,1100,20240302,1050,50
吉野家,兵庫県,吉野家 尼崎尾浜店,兵庫県尼崎市尾浜町1丁目29‐1,1100,20240302,1050,50
吉野家,福岡県,吉野家 博多祇園店,福岡県福岡市博多区祇園町6‐45,1100,20240302,1000,100
吉野家,東京都,吉野家 八王子南口店,東京都八王子市子安町1丁目3‐11,1200,20240302,1150,50
吉野家,京都府,吉野家 八幡久保田店,京都府八幡市八幡久保田35‐23,1100,20240302,1070,30
吉野家,福岡県,吉野家 八幡折尾店,福岡県北九州市八幡西区丸尾町6‐9,1000,20240302,950,50
吉野家,大阪府,吉野家 八尾高安店,大阪府八尾市高安町北7丁目178‐6,1100,20240302,1080,20
吉野家,長野県,吉野家 飯田インター店,長野県飯田市育良町3‐1‐14,1100,20240302,1000,100
吉野家,長野県,吉野家 飯田大門町店,長野県飯田市大門町85‐1,1100,20240302,1000,100
吉野家,埼玉県,吉野家 飯能駅前店,埼玉県飯能市仲町11‐21,1100,20240302,1050,50
吉野家,静岡県,吉野家 磐田二之宮店,静岡県磐田市二之宮東13‐3,1050,20240302,1000,50
吉野家,大阪府,吉野家 肥後橋店,大阪府大阪市西区京町堀1丁目7‐4,1150,20240302,1100,50
吉野家,愛知県,吉野家 尾西店,愛知県一宮市三条道東45‐1,1100,20240302,1050,50
吉野家,愛知県,吉野家 尾張旭印場店,愛知県尾張旭市白鳳町2丁目32,1100,20240302,1050,50
吉野家,愛知県,吉野家 尾張旭三郷店,愛知県尾張旭市井田町1丁目85,1100,20240302,1050,50
吉野家,愛知県,吉野家 尾張一宮PA上り店,愛知県一宮市丹陽町三ツ井東金浦2709,1200,20240302,1150,50
吉野家,岐阜県,吉野家 美濃加茂店,岐阜県美濃加茂市山手町3丁目126,1200,20240302,1100,100
吉野家,兵庫県,吉野家 姫路大津店,兵庫県姫路市大津区恵美酒町2丁目56‐1,1080,20240302,1050,30
吉野家,兵庫県,吉野家 姫路中地店,兵庫県姫路市飾磨区構4‐94,1100,20240302,1030,70
吉野家,兵庫県,吉野家 姫路保城店,兵庫県姫路市保城943‐1,1050,20240302,1030,20
吉野家,東京都,吉野家 品川駅港南口店,東京都港区港南2丁目2‐15,1400,20240302,1300,100
吉野家,香川県,吉野家 浜街道宇多津店,香川県綾歌郡宇多津町浜二番丁20‐17,1000,20240302,980,20
吉野家,静岡県,吉野家 浜松駅店,静岡県浜松市中央区砂山町322‐4,1100,20240302,1050,50
吉野家,静岡県,吉野家 浜松若林店,静岡県浜松市中央区若林町2744‐4,1050,20240302,1000,50
吉野家,静岡県,吉野家 浜松西インター店,静岡県浜松市中央区湖東町3053,1050,20240302,1000,50
吉野家,東京都,吉野家 浜松町店,東京都港区浜松町2丁目7‐1,1350,20240302,1300,50
吉野家,熊本県,吉野家 浜線八王寺店,熊本県熊本市中央区八王寺町31‐13,1100,20240302,1000,100
吉野家,富山県,吉野家 富山駅前店,富山県富山市桜町1‐4‐17,1050,20240302,1000,50
吉野家,富山県,吉野家 富山呉羽店,富山県富山市呉羽町7275‐2,1050,20240302,1000,50
吉野家,東京都,吉野家 府中中河原店,東京都府中市住吉町1丁目20‐1,1250,20240302,1200,50
吉野家,埼玉県,吉野家 武蔵浦和駅前店,埼玉県さいたま市南区別所7丁目7‐34,1250,20240302,1200,50
吉野家,東京都,吉野家 武蔵小金井駅前店,東京都小金井市本町2丁目5‐2,1250,20240302,1150,100
吉野家,神奈川,吉野家 武蔵小杉南口店,神奈川県川崎市中原区小杉町3丁目441‐26,1250,20240302,1200,50
吉野家,東京都,吉野家 武蔵村山店,東京都武蔵村山市中原3丁目1‐2,1200,20240302,1150,50
吉野家,愛知県,吉野家 伏見通錦店,愛知県名古屋市中区錦2丁目9‐23,1250,20240302,1200,50
吉野家,京都府,吉野家 伏見南店,京都府京都市伏見区横大路下三栖辻堂町38‐1,1100,20240302,1070,30
吉野家,福井県,吉野家 福井二の宮店,福井県福井市幾代2丁目1501,1100,20240302,1000,100
吉野家,広島県,吉野家 福山手城町店,広島県福山市手城町4丁目7‐10,1050,20240302,1000,50
吉野家,広島県,吉野家 福山新涯店,広島県福山市新涯町5丁目34‐14,1050,20240302,1000,50
吉野家,東京都,吉野家 福生店,東京都福生市福生799‐5,1200,20240302,1150,50
吉野家,愛知県,吉野家 平手店,愛知県名古屋市緑区平手南1丁目201,1100,20240302,1050,50
吉野家,愛知県,吉野家 平針店,愛知県名古屋市天白区平針5丁目102,1100,20240302,1050,50
吉野家,神奈川,吉野家 平塚大神店,神奈川県平塚市大神8丁目2番1号,1200,20240302,1120,80
吉野家,大阪府,吉野家 平野店,大阪府大阪市平野区平野元町7‐13,1100,20240302,1080,20
吉野家,兵庫県,吉野家 宝塚高松町店,兵庫県宝塚市高司5丁目1‐8,1100,20240302,1030,70
吉野家,沖縄県,吉野家 泡瀬ベイストリート店,沖縄県沖縄市泡瀬4丁目20‐11,950,20240302,920,30
吉野家,愛知県,吉野家 豊橋曙町店,愛知県豊橋市曙町南松原8‐1,1100,20240302,1050,50
吉野家,愛知県,吉野家 豊橋平川店,愛知県豊橋市平川町34‐1,1100,20240302,1050,50
吉野家,大阪府,吉野家 豊中市役所前店,大阪府豊中市中桜塚3丁目10‐30,1150,20240302,1100,50
吉野家,大阪府,吉野家 豊中庄内店,大阪府豊中市庄内栄町4丁目21‐36,1150,20240302,1100,50
吉野家,埼玉県,吉野家 北浦和西口店,埼玉県さいたま市浦和区北浦和4丁目2‐5 サクラレジデンス北浦和1F,1250,20240302,1200,50
吉野家,埼玉県,吉野家 北越谷駅前店,埼玉県越谷市北越谷4丁目2‐9,1150,20240302,1100,50
吉野家,大阪府,吉野家 北花田店,大阪府堺市北区北花田町3丁32‐6,1100,20240302,1080,20
吉野家,東京都,吉野家 北新宿百人町店,東京都新宿区百人町1丁目24‐4,1300,20240302,1250,50
吉野家,大阪府,吉野家 北巽店,大阪府大阪市生野区巽北3丁目15‐24,1100,20240302,1080,20
吉野家,愛知県,吉野家 北名古屋店,愛知県北名古屋市井瀬木郷前9‐1,1100,20240302,1050,50
吉野家,鹿児島,吉野家 霧島店,鹿児島県霧島市国分野口町4‐26,1000,20240302,950,50
吉野家,愛知県,吉野家 名駅サンロード店,愛知県名古屋市中村区名駅4丁目7‐25,1150,20240302,1100,50
吉野家,愛知県,吉野家 名駅太閤通口店,愛知県名古屋市中村区椿町7‐4,1200,20240302,1100,100
吉野家,愛知県,吉野家 名岐一宮店,愛知県一宮市富士3丁目3‐6,1100,20240302,1050,50
吉野家,岐阜県,吉野家 名岐岐南町店,岐阜県羽島郡岐南町伏屋6丁目179,1100,20240302,1050,50
吉野家,沖縄県,吉野家 名護バイパス店,沖縄県名護市大北5丁目22‐23,1000,20240302,950,50
吉野家,三重県,吉野家 名四長島店,三重県桑名市長島町福吉516,1100,20240302,1050,50
吉野家,愛知県,吉野家 名四飛島店,愛知県海部郡飛島村竹之郷2丁目2‐18,1100,20240302,1050,50
吉野家,愛知県,吉野家 名四要町店,愛知県名古屋市南区丹後通4丁目6‐1,1150,20240302,1100,50
吉野家,愛知県,吉野家 名鉄堀田駅前店,愛知県名古屋市瑞穂区塩入町4‐15,1100,20240302,1050,50
吉野家,愛知県,吉野家 名鉄名古屋駅店,愛知県名古屋市中村区名駅1丁目2‐1,1150,20240302,1100,50
吉野家,兵庫県,吉野家 明石魚住町店,兵庫県明石市魚住町清水2360‐5,1130,20240302,1050,80
吉野家,東京都,吉野家 明大前店,東京都世田谷区松原1丁目38‐4,1250,20240302,1200,50
吉野家,東京都,吉野家 目黒駅前店,東京都品川区上大崎2丁目27‐2,1400,20240302,1300,100
吉野家,石川県,吉野家 野々市店,石川県野々市市粟田6丁目386,1050,20240302,1000,50
吉野家,東京都,吉野家 有楽町店,東京都千代田区有楽町2丁目9‐18,1450,20240302,1400,50
吉野家,大阪府,吉野家 淀川通塚本店,大阪府大阪市淀川区塚本2丁目13‐20,1150,20240302,1070,80
吉野家,兵庫県,吉野家 立花駅前店,兵庫県尼崎市立花町1丁目3‐1,1100,20240302,1050,50
吉野家,東京都,吉野家 立花店,東京都墨田区立花5丁目2‐1,1300,20240302,1250,50
吉野家,東京都,吉野家 立川駅北口店,東京都立川市曙町2‐6‐5,1550,20240302,1450,100
吉野家,兵庫県,吉野家 龍野店,兵庫県たつの市龍野町富永796‐1,1080,20240302,1030,50
吉野家,大阪府,吉野家 緑一丁目店,大阪府大阪市鶴見区緑1丁目19‐2,1130,20240302,1100,30
吉野家,大阪府,吉野家 臨海岸和田店,大阪府岸和田市下野町3丁目10‐39,1100,20240302,1080,20
吉野家,大阪府,吉野家 臨海二色の浜店,大阪府貝塚市澤877‐1,1100,20240302,1080,20
吉野家,大阪府,吉野家 臨海緑町店,大阪府堺市堺区緑町1丁14‐1,1100,20240302,1080,20
吉野家,東京都,吉野家 練馬店,東京都練馬区練馬1丁目5‐4,1300,20240302,1200,100
吉野家,埼玉県,吉野家 蓮田店,埼玉県蓮田市西新宿1丁目7,1150,20240302,1100,50
吉野家,岡山県,吉野家 連島店,岡山県倉敷市連島3丁目8‐35,1000,20240302,950,50
吉野家,埼玉県,吉野家 蕨駅前店,埼玉県蕨市塚越1丁目4‐1,1250,20240302,1200,50
吉野家,愛知県,吉野家 杁中店,愛知県名古屋市昭和区隼人町6‐19,1100,20240302,1050,50
すき家,岩手県,すき家 106号宮古店,岩手県宮古市長町1-5-17,980,20240302,950,30
すき家,宮崎県,すき家 10号宮崎島之内店,宮崎県宮崎市大字島之内997-1,970,20240302,950,20
すき家,宮崎県,すき家 10号都城都北店,宮崎県都城市都北町5928-1,1000,20240302,980,20
すき家,香川県,すき家 11号観音寺植田店,香川県観音寺市植田町字東原3-1,1050,20240302,1020,30
すき家,香川県,すき家 11号高松屋島店,香川県高松市高松町3009-9,1000,20240302,970,30
すき家,香川県,すき家 11号高松春日店,香川県高松市春日町1626-1,1000,20240302,970,30
すき家,香川県,すき家 11号高松檀紙店,香川県高松市檀紙町1513-5,1050,20240302,1000,50
すき家,愛媛県,すき家 11号松山久米窪田店,愛媛県松山市久米窪田町1162-1,1000,20240302,950,50
すき家,香川県,すき家 11号東かがわ店,香川県東かがわ市白鳥字田高田131-1,1020,20240302,1000,20
すき家,徳島県,すき家 11号徳島川内店,徳島県徳島市川内町平石古田36-2,1000,20240302,950,50
すき家,茨城県,すき家 124号神栖木崎店,茨城県神栖市木崎2848-1,1100,20240302,1050,50
すき家,秋田県,すき家 13号秋田牛島店,秋田県秋田市牛島東1-5-3,960,20240302,930,30
すき家,東京都,すき家 14号江戸川一之江店,東京都江戸川区一之江1-8-4,1220,20240302,1160,60
すき家,東京都,すき家 14号江戸川篠崎店,東京都江戸川区篠崎町7-1-17,1210,20240302,1160,50
すき家,東京都,すき家 14号江戸川松江店,東京都江戸川区松江1-8-8,1210,20240302,1160,50
すき家,岐阜県,すき家 156号岐阜芥見店,岐阜県岐阜市芥見長山3-8-3,1000,20240302,950,50
すき家,大阪府,すき家 163号門真殿島店,大阪府門真市殿島町7-13,1150,20240302,1100,50
すき家,神奈川,すき家 16号横浜下白根店,神奈川県横浜市旭区川島町2846-5,1200,20240302,1140,60
すき家,東京都,すき家 16号瑞穂南平店,東京都西多摩郡瑞穂町南平1-6-6,1150,20240302,1130,20
すき家,京都府,すき家 171号向日店,京都府向日市鶏冠井町清水7-1,1080,20240302,1050,30
すき家,埼玉県,すき家 17号BP戸田美女木店,埼玉県戸田市美女木7-1-1,1100,20240302,1080,20
すき家,埼玉県,すき家 17号さいたま辻店,埼玉県さいたま市南区辻3-2-28,1150,20240302,1100,50
すき家,群馬県,すき家 17号沼田店,群馬県沼田市硯田町590-5,1120,20240302,1080,40
すき家,埼玉県,すき家 17号本庄店,埼玉県本庄市本庄4-7-11,1110,20240302,1080,30
すき家,広島県,すき家 183号三次店,広島県三次市十日市中1-1-10,1100,20240302,1030,70
すき家,山口県,すき家 188号光浅江店,山口県光市浅江1-11-7,1050,20240302,1000,50
すき家,徳島県,すき家 192号吉野川店,徳島県吉野川市鴨島町上下島字宮内87-8,1000,20240302,950,50
すき家,徳島県,すき家 192号徳島国府店,徳島県徳島市国府町観音寺大溝122-1,1020,20240302,950,70
すき家,大阪府,すき家 1国城東関目店,大阪府大阪市城東区関目5-3-3,1150,20240302,1100,50
すき家,神奈川,すき家 1国鶴見下末吉店,神奈川県横浜市鶴見区下末吉4-4-18コーポ鶴石1F,1200,20240302,1140,60
すき家,熊本県,すき家 208号荒尾原万田店,熊本県荒尾市原万田字八反田618-3,1000,20240302,980,20
すき家,東京都,すき家 20号日野万願寺店,東京都日野市万願寺5-14-8,1150,20240302,1130,20
すき家,大分県,すき家 210号大分わさだ店,大分県大分市市85-1,1000,20240302,980,20
すき家,宮崎県,すき家 221号小林店,宮崎県小林市堤3013-1,970,20240302,950,20
すき家,鹿児島,すき家 226号指宿店,鹿児島県指宿市西方2164-1,1000,20240302,980,20
すき家,北海道,すき家 236号帯広大通店,北海道帯広市大通南3-1-1,1100,20240302,1050,50
すき家,茨城県,すき家 245号日立久慈店,茨城県日立市久慈町4-6-6,1030,20240302,1000,30
すき家,埼玉県,すき家 254号本庄児玉店,埼玉県本庄市児玉町吉田林397-3,1110,20240302,1080,30
すき家,大阪府,すき家 26号高石店,大阪府高石市西取石7-11-1,1120,20240302,1100,20
すき家,大阪府,すき家 26号泉佐野鶴原店,大阪府泉佐野市鶴原1855-3,1120,20240302,1100,20
すき家,鹿児島,すき家 270号南さつま店,鹿児島県南さつま市加世田本町13-5,1000,20240302,980,20
すき家,徳島県,すき家 28号鳴門大津店,徳島県鳴門市大津町吉永四番越471-1,1000,20240302,950,50
すき家,広島県,すき家 2国広島楽々園店,広島県広島市佐伯区楽々園2-2-22,1050,20240302,1000,50
すき家,広島県,すき家 2国広島東雲店,広島県広島市南区東雲3-13-6,1100,20240302,1050,50
すき家,熊本県,すき家 324号天草店,熊本県天草市小松原町7-12,1000,20240302,980,20
すき家,沖縄県,すき家 329号西原店,沖縄県中頭郡西原町字我謝786-2,1000,20240302,980,20
すき家,山形県,すき家 348号山形南館店,山形県山形市南館1201-1,1000,20240302,980,20
すき家,茨城県,すき家 354号土浦南店,茨城県土浦市永国848-9,1030,20240302,1000,30
すき家,北海道,すき家 36号千歳店,北海道千歳市新富1-19-4,1100,20240302,1000,100
すき家,愛媛県,すき家 378号八幡浜店,愛媛県八幡浜市産業通13-12,1020,20240302,1000,20
すき家,福岡県,すき家 389号大牟田店,福岡県大牟田市大正町3-4-3,1000,20240302,980,20
すき家,北海道,すき家 38号帯広柏林台店,北海道帯広市西十七条南1-25-1,1100,20240302,1050,50
すき家,北海道,すき家 39号北見三輪店,北海道北見市東三輪2-831-4,1100,20240302,1020,80
すき家,北海道,すき家 39号北見大町店,北海道北見市大町21-1,1030,20240302,1000,30
すき家,福岡県,すき家 3号八女店,福岡県八女市本村字荷稲559-1,1000,20240302,980,20
すき家,北海道,すき家 40号名寄店,北海道名寄市西四条南10-56-1,1020,20240302,1000,20
すき家,埼玉県,すき家 463号さいたま大門店,埼玉県さいたま市緑区美園6-11-12,1130,20240302,1090,40
すき家,福岡県,すき家 496号行橋店,福岡県行橋市西宮市4-2-11,1050,20240302,1000,50
すき家,埼玉県,すき家 4号杉戸堤根店,埼玉県北葛飾郡杉戸町堤根4024-1,1130,20240302,1100,30
すき家,東京都,すき家 4号足立保木間店,東京都足立区西保木間1-17-20,1220,20240302,1160,60
すき家,福島県,すき家 4号本宮店,福島県本宮市本宮字南ノ内34-7,980,20240302,950,30
すき家,沖縄県,すき家 507号八重瀬店,沖縄県島尻郡八重瀬町字伊覇46-4,1000,20240302,950,50
すき家,徳島県,すき家 55号徳島沖浜店,徳島県徳島市山城西4-1,1000,20240302,950,50
すき家,愛媛県,すき家 56号伊予松前店,愛媛県伊予郡松前町大字恵久美617-1,1020,20240302,1000,20
すき家,愛媛県,すき家 56号宇和島宮下店,愛媛県宇和島市宮下字太田甲191-1,1020,20240302,1000,20
すき家,高知県,すき家 56号高知大原町店,高知県高知市大原町101-1,1000,20240302,950,50
すき家,高知県,すき家 56号四万十古津賀店,高知県四万十市古津賀1-8,1020,20240302,980,40
すき家,高知県,すき家 56号須崎店,高知県須崎市神田2503-1,1020,20240302,1000,20
すき家,愛媛県,すき家 56号大洲松ヶ花店,愛媛県大洲市新谷乙543-1,1050,20240302,1020,30
すき家,高知県,すき家 56号土佐高岡店,高知県土佐市高岡町字野田南ノ丁乙3369-1,980,20240302,920,60
すき家,熊本県,すき家 57号大津店,熊本県菊池郡大津町大字大津1302-1,1000,20240302,970,30
すき家,長崎県,すき家 57号諫早小川町店,長崎県諫早市小川町53-1,1000,20240302,970,30
すき家,沖縄県,すき家 58号読谷店,沖縄県中頭郡読谷村伊良皆661-1,1000,20240302,980,20
すき家,沖縄県,すき家 58号北谷店,沖縄県中頭郡北谷町北谷2-12-6第5松栄ビル1F,1030,20240302,1000,30
すき家,沖縄県,すき家 58号名護東江店,沖縄県名護市東江5-6517-1,1020,20240302,1000,20
すき家,茨城県,すき家 6号石岡店,茨城県石岡市旭台1-1-5,1030,20240302,1000,30
すき家,茨城県,すき家 6号日立城南店,茨城県日立市城南町2-10-1,1000,20240302,990,10
すき家,東京都,すき家 JR町田駅南口店,東京都町田市原町田1-2-6第2ひろせビル1F,1160,20240302,1140,20
すき家,東京都,すき家 あきる野睦橋通り店,東京都あきる野市秋留2-1-5,1150,20240302,1130,20
すき家,東京都,すき家 とうきょうスカイツリー駅前店,東京都墨田区業平1-18-12,1300,20240302,1250,50
すき家,東京都,すき家 ときわ台駅北口店,東京都板橋区常盤台2-6-5,1250,20240302,1200,50
すき家,茨城県,すき家 ひたちなか店,茨城県ひたちなか市中根3319-6,1050,20240302,1020,30
すき家,東京都,すき家 アキバ田代通り店,東京都千代田区外神田4-5-8松孝商事ビル1F,1300,20240302,1250,50
すき家,香川県,すき家 イオンモール綾川店,香川県綾歌郡綾川町萱原822-1イオン綾川ショッピングセンター3F,1050,20240302,1000,50
すき家,埼玉県,すき家 イオンモール浦和美園店,埼玉県さいたま市緑区美園5-50-1イオンモール浦和美園3Fフードコート,1150,20240302,1100,50
すき家,鳥取県,すき家 イオンモール日吉津店,鳥取県西伯郡日吉津村日吉津1160-1,1030,20240302,1000,30
すき家,東京都,すき家 イオン東雲店,東京都江東区東雲1-9-10イオン東雲店2Fフードコート内,1300,20240302,1250,50
すき家,東京都,すき家 イトーヨーカドー国領店,東京都調布市国領町8-2-64イト-ヨ-カド-国領店1F,1200,20240302,1180,20
すき家,東京都,すき家 ウィラ大井店,東京都品川区勝島1-6-16,1350,20240302,1300,50
すき家,東京都,すき家 グリナード永山店,東京都多摩市永山1-4グリナード永山1F,1150,20240302,1130,20
すき家,東京都,すき家 サンライズ蒲田店,東京都大田区西蒲田7-51-2ベルコーサ1F,1300,20240302,1250,50
すき家,神奈川,すき家 センター北店,神奈川県横浜市都筑区牛久保東1-32-1,1200,20240302,1140,60
すき家,神奈川,すき家 ノクティプラザ店,神奈川県川崎市高津区溝口1-4-1ノクティプラザ21Fフードコート内,1250,20240302,1180,70
すき家,東京都,すき家 ハッピーロード大山店,東京都板橋区大山町24-10常陸ビル1F,1250,20240302,1200,50
すき家,東京都,すき家 フレスポ若葉台店,東京都稲城市若葉台2-1-1,1150,20240302,1130,20
すき家,東京都,すき家 ワンザ有明店,東京都江東区有明3-6-11TFTビル東館2F,1400,20240302,1350,50
すき家,東京都,すき家 綾瀬駅南店,東京都葛飾区小菅4-10-2,1220,20240302,1160,60
すき家,東京都,すき家 井ノ頭通り吉祥寺店,東京都武蔵野市吉祥寺南町3-33-3,1250,20240302,1200,50
すき家,東京都,すき家 一之江駅前店,東京都江戸川区一之江3-2-14,1210,20240302,1160,50
すき家,東京都,すき家 稲荷町駅前店,東京都台東区東上野5-1-4,1300,20240302,1250,50
すき家,東京都,すき家 稲城矢野口店,東京都稲城市矢野口323-7,1200,20240302,1180,20
すき家,埼玉県,すき家 羽生店,埼玉県羽生市南6丁目21-2,1100,20240302,1080,20
すき家,東京都,すき家 鵜の木駅前店,東京都大田区鵜の木2-15-2山口ビル1F,1300,20240302,1250,50
すき家,埼玉県,すき家 浦和仲町店,埼玉県さいたま市浦和区仲町1-4-12誠志堂ビル1F,1150,20240302,1100,50
すき家,東京都,すき家 荏原町駅前店,東京都品川区中延5-3-10,1300,20240302,1250,50
すき家,東京都,すき家 永福町駅前店,東京都杉並区永福2-51-13,1200,20240302,1150,50
すき家,神奈川,すき家 横浜羽沢店,神奈川県横浜市神奈川区羽沢町1566-1,1250,20240302,1200,50
すき家,神奈川,すき家 横浜善部町店,神奈川県横浜市旭区善部町16-1,1200,20240302,1140,60
すき家,東京都,すき家 王子駅前店,東京都北区王子1-4-1サンスクエア前庭,1250,20240302,1200,50
すき家,東京都,すき家 荻窪駅西口店,東京都杉並区荻窪5-26-11マチダビル1F,1250,20240302,1200,50
すき家,東京都,すき家 荻窪三丁目店,東京都杉並区荻窪3-47-23,1250,20240302,1200,50
すき家,山口県,すき家 下関稗田西町店,山口県下関市稗田西町10-13,980,20240302,950,30
すき家,東京都,すき家 下石神井店,東京都練馬区下石神井5-16-3,1250,20240302,1200,50
すき家,東京都,すき家 下赤塚駅前店,東京都板橋区赤塚新町1-23-5プロスパービル上野1F,1250,20240302,1200,50
すき家,東京都,すき家 下北沢店,東京都世田谷区北沢2丁目12-7大町ビル,1250,20240302,1200,50
すき家,大阪府,すき家 貝塚北町店,大阪府貝塚市北町17-15,1120,20240302,1100,20
すき家,茨城県,すき家 笠間店,茨城県笠間市笠間487-1,1030,20240302,1000,30
すき家,茨城県,すき家 笠間友部店,茨城県笠間市旭町427-2,1080,20240302,1050,30
すき家,群馬県,すき家 笠懸阿左美店,群馬県みどり市笠懸町阿左美630-2,1070,20240302,1050,20
すき家,東京都,すき家 葛飾亀有一丁目店,東京都葛飾区亀有1-14-5,1220,20240302,1160,60
すき家,東京都,すき家 葛飾柴又店,東京都葛飾区柴又5-9-1,1210,20240302,1160,50
すき家,東京都,すき家 葛飾東新小岩店,東京都葛飾区東新小岩2-2-8,1210,20240302,1160,50
すき家,東京都,すき家 葛飾南水元店,東京都葛飾区南水元2-30-5,1220,20240302,1160,60
すき家,大阪府,すき家 蒲生四丁目店,大阪府大阪市城東区蒲生4-21-8,1120,20240302,1100,20
すき家,福岡県,すき家 苅田店,福岡県京都郡苅田町尾倉1-3-1,1020,20240302,1000,20
すき家,東京都,すき家 環七山王店,東京都大田区山王4-12-4,1300,20240302,1250,50
すき家,東京都,すき家 環七西新井店,東京都足立区西新井本町2-2-25,1210,20240302,1160,50
すき家,東京都,すき家 環七平和島店,東京都大田区大森本町2-30-2プレール大森EAST101号,1300,20240302,1250,50
すき家,東京都,すき家 環八羽田店,東京都大田区羽田4-3-3,1350,20240302,1300,50
すき家,東京都,すき家 環八蒲田四丁目店,東京都大田区蒲田4-42-12新生ビル1F,1300,20240302,1250,50
すき家,東京都,すき家 環八高井戸店,東京都杉並区高井戸西1-1-28,1250,20240302,1200,50
すき家,東京都,すき家 環八矢口渡店,東京都大田区多摩川1-7-11榎本ビル1F,1300,20240302,1250,50
すき家,大阪府,すき家 関目店,大阪府大阪市城東区成育2-13-15アイビーマンション1F,1150,20240302,1100,50
すき家,東京都,すき家 亀戸駅北口店,東京都江東区亀戸2-22-10カトウビル1F,1250,20240302,1200,50
すき家,東京都,すき家 久米川駅前店,東京都東村山市栄町2-9-32晃正プラザビル1F,1180,20240302,1150,30
すき家,宮崎県,すき家 宮崎新別府店,宮崎県宮崎市新別府町山宮986-6,1030,20240302,1000,30
すき家,茨城県,すき家 牛久店,茨城県牛久市栄町3-191-1,1030,20240302,1000,30
すき家,東京都,すき家 京王リトナード東府中店,東京都府中市清水ヶ丘1-8-3京王リトナード東府中1F,1200,20240302,1150,50
すき家,神奈川,すき家 京王稲田堤駅前店,神奈川県川崎市多摩区菅3-1-1,1180,20240302,1140,40
すき家,東京都,すき家 玉川学園駅前店,東京都町田市玉川学園7-5-2,1150,20240302,1130,20
すき家,群馬県,すき家 玉村上之手店,群馬県佐波郡玉村町大字上之手1628-2,1050,20240302,1020,30
すき家,群馬県,すき家 桐生新宿店,群馬県桐生市新宿3-2-14,1070,20240302,1050,20
すき家,群馬県,すき家 桐生相生店,群馬県桐生市相生町2-489-1,1070,20240302,1050,20
すき家,東京都,すき家 錦糸公園前店,東京都墨田区太平3-4-8グレイスMM1F,1250,20240302,1200,50
すき家,東京都,すき家 駒沢大学前店,東京都世田谷区駒沢1-20-4,1300,20240302,1250,50
すき家,熊本県,すき家 熊本四方寄店,熊本県熊本市北区四方寄町508-6,970,20240302,950,20
すき家,熊本県,すき家 熊本新市街店,熊本県熊本市中央区新市街7-25第二新世界会館ビル1F,1000,20240302,980,20
すき家,熊本県,すき家 熊本東BP店,熊本県熊本市東区下南部3-17-71,1000,20240302,970,30
すき家,埼玉県,すき家 戸田駅前店,埼玉県戸田市新曽668-2,1100,20240302,1080,20
すき家,東京都,すき家 虎ノ門四丁目店,東京都港区虎ノ門4-1-19,1350,20240302,1320,30
すき家,東京都,すき家 五反野店,東京都足立区足立3-34-5沼野ビル,1220,20240302,1160,60
すき家,東京都,すき家 御徒町駅南口店,東京都台東区上野5-27-2,1300,20240302,1250,50
すき家,広島県,すき家 広島丹那店,広島県広島市南区丹那町5-10,1100,20240302,1050,50
すき家,広島県,すき家 広島堀越店,広島県広島市南区堀越2-3-7,1100,20240302,1030,70
すき家,東京都,すき家 江古田駅前店,東京都練馬区旭丘1-71-7土井ビル1F,1250,20240302,1200,50
すき家,東京都,すき家 江戸川興宮店,東京都江戸川区興宮町33-17,1210,20240302,1160,50
すき家,東京都,すき家 江東塩浜店,東京都江東区塩浜2-14-3,1300,20240302,1250,50
すき家,東京都,すき家 江東区役所前店,東京都江東区東陽4-10-7,1280,20240302,1230,50
すき家,東京都,すき家 江東新砂店,東京都江東区新砂3-2-6SGHレジデンス新砂1F,1300,20240302,1230,70
すき家,東京都,すき家 江東千石店,東京都江東区千石2-9-9,1300,20240302,1230,70
すき家,東京都,すき家 港南四丁目店,東京都港区港南4-2-6,1380,20240302,1350,30
すき家,東京都,すき家 港南二丁目店,東京都港区港南2-4-7石橋ビル1F,1380,20240302,1350,30
すき家,東京都,すき家 高円寺駅南口店,東京都杉並区高円寺南4-45-2メインロードビル1F,1300,20240302,1250,50
すき家,群馬県,すき家 高崎IC店,群馬県高崎市島野町大岩996-1,1100,20240302,1050,50
すき家,群馬県,すき家 高崎棟高店,群馬県高崎市棟高町1868-113,1080,20240302,1050,30
すき家,香川県,すき家 高松郷東店,香川県高松市郷東町483-1,1050,20240302,1000,50
すき家,香川県,すき家 高松寿町店,香川県高松市寿町1-4-3高松中央通りビル1F,1050,20240302,1000,50
すき家,香川県,すき家 高松十川店,香川県高松市十川西町583-1,1050,20240302,1000,50
すき家,香川県,すき家 高松上天神店,香川県高松市上天神町217-1,1050,20240302,1000,50
すき家,香川県,すき家 高松中央IC店,香川県高松市木太町9区550-1,1050,20240302,1000,50
すき家,高知県,すき家 高知中万々店,高知県高知市中万々27-1,1000,20240302,950,50
すき家,高知県,すき家 高知本町店,高知県高知市本町1-2-1白木ビル1F,1020,20240302,1000,20
すき家,東京都,すき家 高田馬場駅北店,東京都豊島区高田3-15-7第1大島ビル1F,1300,20240302,1250,50
すき家,東京都,すき家 高田馬場店,東京都新宿区高田馬場1-28-4工新別館ビル,1300,20240302,1250,50
すき家,東京都,すき家 高島平駅前店,東京都板橋区高島平8-11-11SDビル,1250,20240302,1200,50
すき家,茨城県,すき家 高萩店,茨城県高萩市東本町3-22-2,1050,20240302,1020,30
すき家,東京都,すき家 高幡不動駅店,東京都日野市高幡116-10京王高幡SC1階A106号区画,1150,20240302,1130,20
すき家,東京都,すき家 豪徳寺駅前店,東京都世田谷区豪徳寺1-25-7ニ-ナロ-ジナビル,1300,20240302,1250,50
すき家,東京都,すき家 国分寺本多店,東京都国分寺市本多2-16-1,1150,20240302,1130,20
すき家,東京都,すき家 桜上水駅前店,東京都世田谷区桜上水4-10-16間瀬ビル1F,1250,20240302,1200,50
すき家,東京都,すき家 桜新町駅前店,東京都世田谷区桜新町1-12-13第5吉田ビル1F,1300,20240302,1250,50
すき家,東京都,すき家 桜新道南大井店,東京都品川区南大井3-7-20,1300,20240302,1250,50
すき家,茨城県,すき家 桜土浦IC店,茨城県つくば市下広岡字向山1055-321,1050,20240302,1000,50
すき家,東京都,すき家 笹塚店,東京都渋谷区笹塚2-19-2TSK笹塚ビル,1250,20240302,1200,50
すき家,東京都,すき家 三河島駅前店,東京都荒川区東日暮里6-1-1アトラスブランズタワー三河島1F,1250,20240302,1200,50
すき家,東京都,すき家 三軒茶屋二丁目店,東京都世田谷区三軒茶屋2-11-24サンタワ-ズA101,1350,20240302,1300,50
すき家,東京都,すき家 三軒茶屋北店,東京都世田谷区太子堂2-24-6ドミ-三軒茶屋1F,1350,20240302,1300,50
すき家,広島県,すき家 三原店,広島県三原市皆実町3-1-1,1050,20240302,1000,50
すき家,東京都,すき家 三鷹井口店,東京都三鷹市井口2-13-42,1250,20240302,1200,50
すき家,東京都,すき家 三鷹駅南口店,東京都三鷹市下連雀3-23-12ア-ジェントビル,1230,20240302,1200,30
すき家,東京都,すき家 三鷹牟礼店,東京都三鷹市牟礼4-8-7,1230,20240302,1200,30
すき家,東京都,すき家 三田店,東京都港区芝5-25-9,1380,20240302,1350,30
すき家,山形県,すき家 山形城西店,山形県山形市城西町4-19-19,1000,20240302,980,20
すき家,山形県,すき家 山形大野目店,山形県山形市大野目4-2-24,1000,20240302,980,20
すき家,東京都,すき家 柴又街道小岩店,東京都江戸川区東小岩6-3-5,1210,20240302,1160,50
すき家,東京都,すき家 芝浦四丁目店,東京都港区芝浦4-9-18グランドパレス田町1F,1380,20240302,1350,30
すき家,東京都,すき家 芝四丁目店,東京都港区芝4-7-1西山ビル1F,1380,20240302,1350,30
すき家,茨城県,すき家 取手中央タウン店,茨城県取手市西1-31-29,1050,20240302,1000,50
すき家,東京都,すき家 秋葉原駅岩本町店,東京都千代田区岩本町3-3-5秋葉原SHビル1F,1300,20240302,1250,50
すき家,東京都,すき家 住吉新大橋通店,東京都江東区住吉2-2-7住吉Sビル1F,1250,20240302,1200,50
すき家,群馬県,すき家 渋川有馬店,群馬県渋川市有馬186-1,1100,20240302,1050,50
すき家,東京都,すき家 渋谷円山町店,東京都渋谷区円山町28-4大場ビル1F,1400,20240302,1350,50
すき家,東京都,すき家 渋谷桜丘店,東京都渋谷区桜丘町15-19,1380,20240302,1350,30
すき家,東京都,すき家 渋谷南平台店,東京都渋谷区南平台町1-10いちご南平台ビル1F,1400,20240302,1350,50
すき家,東京都,すき家 渋谷二丁目店,東京都渋谷区渋谷2-12-13八千代ビル1F,1400,20240302,1350,50
すき家,東京都,すき家 曙橋店,東京都新宿区住吉町8-25,1250,20240302,1200,50
すき家,東京都,すき家 勝どき三丁目店,東京都中央区勝どき3-7-6,1300,20240302,1250,50
すき家,東京都,すき家 小金井中町店,東京都小金井市中町2-8-2,1200,20240302,1150,50
すき家,東京都,すき家 小平中島町店,東京都小平市中島町22-19,1180,20240302,1150,30
すき家,東京都,すき家 小平鈴木店,東京都小平市鈴木町1-215-3,1180,20240302,1150,30
すき家,東京都,すき家 昭島駅南店,東京都昭島市昭和町5-14-17,1150,20240302,1130,20
すき家,愛媛県,すき家 松山はなみずき通り店,愛媛県松山市古川北2-172-1,1000,20240302,950,50
すき家,愛媛県,すき家 松山空港通店,愛媛県松山市空港通4-7-8,1000,20240302,950,50
すき家,愛媛県,すき家 松山枝松店,愛媛県松山市枝松1-9-16,1000,20240302,950,50
すき家,愛媛県,すき家 松山大街道店,愛媛県松山市大街道2-5-6だるまやビル1F,1000,20240302,950,50
すき家,愛媛県,すき家 松山南江戸店,愛媛県松山市南江戸2-7-6,1000,20240302,950,50
すき家,愛媛県,すき家 松山問屋町店,愛媛県松山市問屋町4-17,1000,20240302,950,50
すき家,群馬県,すき家 沼田IC店,群馬県沼田市下久屋町1043-1,1120,20240302,1080,40
すき家,東京都,すき家 上石神井駅前店,東京都練馬区上石神井1-13-17,1250,20240302,1200,50
すき家,東京都,すき家 上池袋二丁目店,東京都豊島区上池袋2-40-10ニューキャッスル上池袋1F,1300,20240302,1250,50
すき家,東京都,すき家 上池台三丁目店,東京都大田区上池台3-13-3,1300,20240302,1250,50
すき家,東京都,すき家 新橋三丁目店,東京都港区新橋3-10-9ホテル新橋三番館1F,1330,20240302,1280,50
すき家,東京都,すき家 新御徒町店,東京都台東区東上野1-1-1,1300,20240302,1250,50
すき家,東京都,すき家 新高円寺東店,東京都杉並区梅里1-7-17,1250,20240302,1200,50
すき家,東京都,すき家 新高島平駅南店,東京都板橋区高島平4-23-17アルテ-ル藤久,1250,20240302,1200,50
すき家,東京都,すき家 新宿NSビル店,東京都新宿区西新宿2-4-1新宿NSビル1F,1350,20240302,1320,30
すき家,東京都,すき家 新宿御苑前駅店,東京都新宿区新宿1-19-7新花ビル1F,1330,20240302,1300,30
すき家,東京都,すき家 新宿南店,東京都新宿区新宿3-32-2,1350,20240302,1320,30
すき家,東京都,すき家 新宿二丁目店,東京都新宿区新宿2-15-15新宿ヤマトビル1F,1330,20240302,1300,30
すき家,東京都,すき家 新宿六丁目店,東京都新宿区新宿6-28-10,1330,20240302,1300,30
すき家,東京都,すき家 新小岩店,東京都葛飾区西新小岩1-9-7,1210,20240302,1160,50
すき家,東京都,すき家 新青梅街道花小金井店,東京都小平市花小金井3-21-14,1180,20240302,1150,30
すき家,東京都,すき家 新青梅街道東村山店,東京都東村山市富士見町3-2-1,1180,20240302,1150,30
すき家,群馬県,すき家 新田市野井店,群馬県太田市新田市野井町771-1,1060,20240302,1010,50
すき家,東京都,すき家 新木場駅南店,東京都江東区新木場1-4-7,1350,20240302,1280,70
すき家,東京都,すき家 森下店,東京都江東区森下2-18-8,1300,20240302,1250,50
すき家,東京都,すき家 神宮前三丁目店,東京都渋谷区神宮前3-23-3トリニティビル1F,1380,20240302,1350,30
すき家,東京都,すき家 神保町駅前店,東京都千代田区神田神保町1-14KDX神保町ビル1F,1350,20240302,1250,100
すき家,茨城県,すき家 水戸駅南口店,茨城県水戸市宮町1-7-44COMBOX310-302号室,1030,20240302,1000,30
すき家,東京都,すき家 水道橋駅東口店,東京都千代田区神田三崎町1-4-26,1300,20240302,1250,50
すき家,東京都,すき家 瑞江店,東京都江戸川区瑞江2-1-23田所ビル1F,1210,20240302,1160,50
すき家,東京都,すき家 世田谷赤堤通り店,東京都世田谷区桜上水2-1-8,1250,20240302,1200,50
すき家,東京都,すき家 成城学園駅前店,東京都世田谷区成城2-35-12,1300,20240302,1250,50
すき家,東京都,すき家 成増店,東京都板橋区成増2-18-7吉田屋第一ビル1F,1250,20240302,1200,50
すき家,東京都,すき家 晴海二丁目店,東京都中央区晴海2-5-24晴海センタービル1F,1300,20240302,1250,50
すき家,東京都,すき家 西永福店,東京都杉並区永福3-56-30,1200,20240302,1150,50
すき家,東京都,すき家 西葛西一丁目店,東京都江戸川区西葛西1-15-9スカイビル,1250,20240302,1200,50
すき家,東京都,すき家 西葛西駅前店,東京都江戸川区西葛西6-8-11葛西産業ビル,1250,20240302,1200,50
すき家,東京都,すき家 西五反田一丁目店,東京都品川区西五反田1-24-4タキゲンビル1F,1350,20240302,1300,50
すき家,東京都,すき家 西五反田七丁目店,東京都品川区西五反田7-13-5DK五反田ビル,1350,20240302,1300,50
すき家,東京都,すき家 西国分寺駅前店,東京都国分寺市西恋ヶ窪2-5-1積丹ビル1F,1180,20240302,1150,30
すき家,東京都,すき家 西新宿五丁目駅前店,東京都新宿区西新宿4-3-12渡辺西新宿ビル1F,1350,20240302,1300,50
すき家,東京都,すき家 西新宿小滝橋通り店,東京都新宿区西新宿7-10-16千徳ビル,1350,20240302,1300,50
すき家,埼玉県,すき家 西川口駅前店,埼玉県川口市西川口1-5-3福原ビル,1130,20240302,1080,50
すき家,東京都,すき家 西台駅西店,東京都板橋区高島平1-75-15高桐マンション1F,1250,20240302,1200,50
すき家,宮崎県,すき家 西都右松店,宮崎県西都市右松3-33,970,20240302,950,20
すき家,東京都,すき家 西日暮里一丁目店,東京都荒川区西日暮里1-1-1パレスいしかわ1F,1250,20240302,1200,50
すき家,東京都,すき家 青梅河辺店,東京都青梅市河辺町5-25-1,1150,20240302,1130,20
すき家,東京都,すき家 青梅新町店,東京都青梅市新町7-6-10,1150,20240302,1130,20
すき家,東京都,すき家 赤羽南口店,東京都北区赤羽1-1-24,1250,20240302,1200,50
すき家,東京都,すき家 赤坂六丁目店,東京都港区赤坂6-3-1アスモビル,1380,20240302,1320,60
すき家,大阪府,すき家 摂津鳥飼中店,大阪府摂津市鳥飼中2-2-50,1150,20240302,1100,50
すき家,大阪府,すき家 摂津南別府店,大阪府摂津市南別府町3-19,1120,20240302,1100,20
すき家,東京都,すき家 仙川店,東京都調布市仙川町1-11-13大平ビル1F,1200,20240302,1180,20
すき家,東京都,すき家 千歳船橋駅前店,東京都世田谷区船橋1-9-24千歳船橋振興組合会館1F,1250,20240302,1200,50
すき家,東京都,すき家 千川駅前店,東京都豊島区要町3-10-10,1250,20240302,1200,50
すき家,埼玉県,すき家 川口駅東口店,埼玉県川口市栄町3-9-13K21ビル1F,1130,20240302,1080,50
すき家,埼玉県,すき家 川口芝店,埼玉県川口市芝宮根町7-2,1130,20240302,1100,30
すき家,神奈川,すき家 川崎下麻生店,神奈川県川崎市麻生区下麻生3-46-6,1230,20240302,1200,30
すき家,神奈川,すき家 川崎今井店,神奈川県川崎市中原区今井西町1-56,1250,20240302,1200,50
すき家,神奈川,すき家 川崎潮見台店,神奈川県川崎市宮前区潮見台10-2,1200,20240302,1140,60
すき家,神奈川,すき家 川崎木月店,神奈川県川崎市中原区木月3-53-7,1220,20240302,1140,80
すき家,東京都,すき家 浅草橋駅前店,東京都台東区柳橋1-23-3田中ビル1F,1300,20240302,1250,50
すき家,東京都,すき家 浅草六区店,東京都台東区浅草2-9-14木村ビル1F,1300,20240302,1250,50
すき家,東京都,すき家 船堀駅前店,東京都江戸川区船堀3-5-7船堀駅前トキビル1F,1210,20240302,1160,50
すき家,群馬県,すき家 前橋下小出店,群馬県前橋市下小出町1-8-13,1100,20240302,1050,50
すき家,群馬県,すき家 前橋大渡町店,群馬県前橋市大渡町1-1-1,1100,20240302,1050,50
すき家,群馬県,すき家 前橋南店,群馬県前橋市南町2-46-6,1100,20240302,1050,50
すき家,群馬県,すき家 前橋堀越店,群馬県前橋市堀越町366-1,1100,20240302,1050,50
すき家,群馬県,すき家 前橋野中町店,群馬県前橋市野中町50-1,1100,20240302,1050,50
すき家,鳥取県,すき家 倉吉伊木店,鳥取県倉吉市伊木241-18,1020,20240302,1000,20
すき家,東京都,すき家 蔵前駅前店,東京都台東区蔵前2-6-6,1300,20240302,1250,50
すき家,東京都,すき家 足立一ツ家店,東京都足立区一ツ家1-15-6,1220,20240302,1160,60
すき家,東京都,すき家 足立栗原店,東京都足立区栗原4-9-6荒堀ビル1F,1220,20240302,1160,60
すき家,東京都,すき家 足立鹿浜店,東京都足立区鹿浜2-34-17,1210,20240302,1160,50
すき家,東京都,すき家 足立西綾瀬店,東京都足立区西綾瀬3-11-13,1220,20240302,1160,60
すき家,東京都,すき家 足立扇店,東京都足立区扇2-26-42,1210,20240302,1160,50
すき家,東京都,すき家 足立入谷店,東京都足立区入谷7-1-7フーファイゼンハウス1F,1210,20240302,1160,50
すき家,東京都,すき家 足立六木店,東京都足立区六木2-7-8,1220,20240302,1160,60
すき家,東京都,すき家 多摩乞田店,東京都多摩市乞田791-1,1160,20240302,1140,20
すき家,群馬県,すき家 太田内ヶ島店,群馬県太田市内ヶ島町1492-5,1110,20240302,1050,60
すき家,群馬県,すき家 太田南矢島店,群馬県太田市南矢島町928-1,1100,20240302,1050,50
すき家,東京都,すき家 代々木一丁目店,東京都渋谷区代々木1-37-6,1350,20240302,1300,50
すき家,東京都,すき家 台東下谷店,東京都台東区下谷3-19-8,1250,20240302,1200,50
すき家,東京都,すき家 大井町一丁目店,東京都品川区大井1-16-2ブリリア大井町ラヴィアンタワ-1F,1300,20240302,1250,50
すき家,東京都,すき家 大久保二丁目店,東京都新宿区大久保2-6-18,1300,20240302,1250,50
すき家,東京都,すき家 大久保百人町店,東京都新宿区百人町1-16-14マキバビル1F,1300,20240302,1250,50
すき家,東京都,すき家 大山東町店,東京都板橋区大山東町22-8,1250,20240302,1200,50
すき家,東京都,すき家 大森ベルポート店,東京都品川区南大井6-26-3大森ベルポートD館1F,1300,20240302,1250,50
すき家,東京都,すき家 大森駅西口店,東京都大田区山王2-4-4,1300,20240302,1250,50
すき家,東京都,すき家 大森町駅前店,東京都大田区大森西3-25-7エストジュール大森町1F、2F,1300,20240302,1250,50
すき家,東京都,すき家 大森北三丁目店,東京都大田区大森北3-1-13,1300,20240302,1250,50
すき家,東京都,すき家 大鳥居店,東京都大田区西糀谷3-21-2,1300,20240302,1250,50
すき家,東京都,すき家 大田久が原店,東京都大田区久が原5-3-6,1300,20240302,1250,50
すき家,東京都,すき家 大田東邦医大通店,東京都大田区大森西1-8-17,1300,20240302,1250,50
すき家,東京都,すき家 大田南六郷店,東京都大田区南六郷2-34-7,1300,20240302,1250,50
すき家,大分県,すき家 大分明野店,大分県大分市明野東2-32-26,1000,20240302,950,50
すき家,東京都,すき家 第一京浜鮫洲店,東京都品川区東大井4-7-11,1300,20240302,1250,50
すき家,東京都,すき家 池上通り中央店,東京都大田区中央7-3-1カバヤビル1F,1300,20240302,1250,50
すき家,東京都,すき家 池袋サンシャイン前店,東京都豊島区東池袋4-25-9タイムズステーション池袋,1300,20240302,1250,50
すき家,東京都,すき家 池袋西店,東京都豊島区西池袋2-39-11,1280,20240302,1250,30
すき家,東京都,すき家 築地四丁目店,東京都中央区築地4-12-2シグネットビル1F,1300,20240302,1250,50
すき家,東京都,すき家 竹芝店,東京都港区海岸1-9-11,1380,20240302,1350,30
すき家,東京都,すき家 中葛西店,東京都江戸川区中葛西6-1-10メゾンド佐久間Ⅱ,1250,20240302,1200,50
すき家,大阪府,すき家 中環大日店,大阪府門真市向島3-35ベア-ズA棟,1150,20240302,1100,50
すき家,北海道,すき家 中標津店,北海道標津郡中標津町東6条南11-1-2,1080,20240302,1020,60
すき家,東京都,すき家 潮見店,東京都江東区潮見2-10-22,1300,20240302,1250,50
すき家,東京都,すき家 町田高ヶ坂店,東京都町田市高ヶ坂6-4-1,1160,20240302,1140,20
すき家,東京都,すき家 町田小山店,東京都町田市小山町959-1,1150,20240302,1130,20
すき家,東京都,すき家 町田能ヶ谷店,東京都町田市能ヶ谷町7-12-11,1160,20240302,1140,20
すき家,東京都,すき家 調布入間店,東京都調布市入間町2-4-1,1200,20240302,1180,20
すき家,京都府,すき家 長岡天神駅前店,京都府長岡京市天神1-1-2マルオカビル1F,1080,20240302,1050,30
すき家,東京都,すき家 長原駅東店,東京都大田区上池台1-44-1ライオンズマンション102,1300,20240302,1250,50
すき家,神奈川,すき家 鶴見市場駅前店,神奈川県横浜市鶴見区市場大和町8-8戸川ビル1F,1200,20240302,1180,20
すき家,茨城県,すき家 土浦荒川沖店,茨城県土浦市荒川沖東2-17-10,1030,20240302,1000,30
すき家,茨城県,すき家 土浦店,茨城県土浦市東崎町11-3,1050,20240302,1000,50
すき家,東京都,すき家 東雲晴海通り店,東京都江東区東雲1-6-17,1300,20240302,1250,50
すき家,茨城県,すき家 東海店,茨城県那珂郡東海村村松1151-6,1050,20240302,1020,30
すき家,東京都,すき家 東久留米下里店,東京都東久留米市下里2-6-7,1180,20240302,1150,30
すき家,東京都,すき家 東京駅京橋店,東京都中央区京橋1-1-9レオ八重洲ビル,1350,20240302,1300,50
すき家,広島県,すき家 東広島御薗宇店,広島県東広島市西条町御薗宇下上戸6487-1,1050,20240302,1000,50
すき家,広島県,すき家 東広島八本松店,広島県東広島市八本松東2-10-8,1050,20240302,1000,50
すき家,東京都,すき家 東高円寺駅前店,東京都杉並区高円寺南1-7-1陽輪台高円寺1F,1250,20240302,1200,50
すき家,東京都,すき家 東十条三丁目店,東京都北区東十条3-15-12シティハイツ東十条103,1250,20240302,1200,50
すき家,東京都,すき家 東村山秋津店,東京都東村山市秋津町3-47-3,1180,20240302,1150,30
すき家,東京都,すき家 東池袋五丁目店,東京都豊島区東池袋5-7-7金誠堂ビル1F,1300,20240302,1250,50
すき家,東京都,すき家 東池袋店,東京都豊島区東池袋1-31-1バロックコート101号室,1300,20240302,1250,50
すき家,東京都,すき家 等々力駅前店,東京都世田谷区等々力3-5-6,1250,20240302,1200,50
すき家,群馬県,すき家 藤岡IC店,群馬県藤岡市中栗須14-6,1100,20240302,1050,50
すき家,徳島県,すき家 徳島住吉店,徳島県徳島市住吉4-41,1000,20240302,950,50
すき家,徳島県,すき家 徳島大原店,徳島県徳島市大原町千代ケ丸山5-1,1000,20240302,950,50
すき家,沖縄県,すき家 那覇曙店,沖縄県那覇市曙2-23-1,1000,20240302,950,50
すき家,東京都,すき家 南葛西店,東京都江戸川区南葛西2-2-2第2サクマビル1F,1250,20240302,1200,50
すき家,高知県,すき家 南国BP店,高知県南国市明見字大政所960-1,1000,20240302,950,50
すき家,東京都,すき家 南砂店,東京都江東区南砂5-14-6サーハンビル,1250,20240302,1200,50
すき家,東京都,すき家 二子玉川駅前店,東京都世田谷区玉川2-22-13,1250,20240302,1200,50
すき家,福島県,すき家 二本松店,福島県二本松市松岡265-10,980,20240302,950,30
すき家,東京都,すき家 日の出IC店,東京都西多摩郡日の出町平井15-16,1200,20240302,1150,50
すき家,東京都,すき家 日本橋小伝馬町店,東京都中央区日本橋小伝馬町15-18EDGE小伝馬町ビル1F,1300,20240302,1250,50
すき家,東京都,すき家 日野大坂上店,東京都日野市大坂上1-29-2-1,1150,20240302,1130,20
すき家,東京都,すき家 日野南平店,東京都日野市南平4-40-1,1150,20240302,1130,20
すき家,東京都,すき家 梅屋敷駅東店,東京都大田区東蒲田1-1-1プラムパーク嶋田1F,1300,20240302,1250,50
すき家,東京都,すき家 幡ヶ谷駅前店,東京都渋谷区幡ヶ谷1-33-1シャト-フタバ1F,1250,20240302,1200,50
すき家,東京都,すき家 八王子みなみ野駅前店,東京都八王子市みなみ野1-3-1,1150,20240302,1130,20
すき家,東京都,すき家 八王子小宮店,東京都八王子市小宮町924-1,1150,20240302,1130,20
すき家,東京都,すき家 八王子東町店,東京都八王子市東町5-5,1150,20240302,1130,20
すき家,東京都,すき家 八王子楢原店,東京都八王子市楢原町397-5,1150,20240302,1130,20
すき家,東京都,すき家 八王子南店,東京都八王子市越野25-34,1150,20240302,1130,20
すき家,東京都,すき家 八王子平岡店,東京都八王子市平岡町25-2,1150,20240302,1130,20
すき家,東京都,すき家 八王子椚田店,東京都八王子市椚田町580-2メゾンくぬぎだ1F,1150,20240302,1130,20
すき家,東京都,すき家 八丁堀四丁目店,東京都中央区八丁堀4-8-2いちご桜橋ビル1F,1330,20240302,1280,50
すき家,埼玉県,すき家 八潮西袋店,埼玉県八潮市西袋1030-1,1100,20240302,1080,20
すき家,京都府,すき家 八幡店,京都府八幡市八幡五反田39-4,1080,20240302,1050,30
すき家,埼玉県,すき家 鳩ヶ谷里店,埼玉県川口市里466-1,1100,20240302,1080,20
すき家,東京都,すき家 飛田給店,東京都調布市飛田給1-23-38荒井ビル,1200,20240302,1180,20
すき家,東京都,すき家 氷川台駅前店,東京都練馬区氷川台3-40-15氷川ガ-デンハウス1F,1250,20240302,1200,50
すき家,東京都,すき家 品川シーサイド店,東京都品川区東品川4-12-4品川シーサイドパークタワー1階,1400,20240302,1350,50
すき家,東京都,すき家 品川東店,東京都港区港南2-2-3Mビル1F,1380,20240302,1350,30
すき家,東京都,すき家 不動前駅西店,東京都品川区西五反田4-29-14オザワSANTビル1F,1300,20240302,1250,50
すき家,東京都,すき家 府中けやき並木通り店,東京都府中市宮西町2-21F,1200,20240302,1150,50
すき家,東京都,すき家 府中栄店,東京都府中市栄町2-22-1,1200,20240302,1150,50
すき家,東京都,すき家 府中浅間店,東京都府中市浅間町4-19-1,1200,20240302,1150,50
すき家,東京都,すき家 府中本宿店,東京都府中市本宿町4-29-1,1200,20240302,1150,50
すき家,東京都,すき家 武蔵境北口店,東京都武蔵野市境2-3-26,1180,20240302,1130,50
すき家,東京都,すき家 武蔵小金井南口店,東京都小金井市本町6-14-45O.Sビル1F,1200,20240302,1130,70
すき家,東京都,すき家 武蔵小金井北口店,東京都小金井市本町5-18-5第55東京ビル,1200,20240302,1130,70
すき家,東京都,すき家 武蔵小山店,東京都品川区小山3-25-13,1300,20240302,1250,50
すき家,東京都,すき家 福生店,東京都福生市加美平1-19-7,1150,20240302,1130,20
すき家,東京都,すき家 文京白山店,東京都文京区向丘1-10-4,1250,20240302,1200,50
すき家,神奈川,すき家 保土ヶ谷今井店,神奈川県横浜市保土ヶ谷区今井町600-1,1230,20240302,1180,50
すき家,東京都,すき家 豊洲四丁目店,東京都江東区豊洲4-8-14,1300,20240302,1250,50
すき家,東京都,すき家 豊田駅前店,東京都日野市多摩平1-2-26シンデレラビル1F,1150,20240302,1130,20
すき家,福岡県,すき家 北九州空港通り店,福岡県京都郡苅田町大字苅田3787-11,1050,20240302,1000,50
すき家,東京都,すき家 北新宿一丁目店,東京都新宿区北新宿1-12-12サンエスビル1F,1300,20240302,1270,30
すき家,東京都,すき家 北赤羽駅浮間口店,東京都北区浮間3-28-9,1250,20240302,1200,50
すき家,東京都,すき家 北千住西口店,東京都足立区千住3-1-10,1210,20240302,1160,50
すき家,東京都,すき家 末広町店,東京都千代田区外神田6-15-14,1300,20240302,1250,50
すき家,東京都,すき家 木場店,東京都江東区木場5-11-19達摩堂ビル1F,1300,20240302,1250,50
すき家,東京都,すき家 目黒三丁目店,東京都目黒区目黒3-9-3目黒パークスクエア102号室,1300,20240302,1250,50
すき家,東京都,すき家 目白通り高野台店,東京都練馬区高野台2-5-15,1250,20240302,1200,50
すき家,大阪府,すき家 門真下馬伏店,大阪府門真市下馬伏町26-6,1150,20240302,1100,50
すき家,大阪府,すき家 門真中央店,大阪府門真市大池町16-25,1120,20240302,1100,20
すき家,徳島県,すき家 藍住笠木店,徳島県板野郡藍住町笠木字中野71-2,1000,20240302,980,20
すき家,東京都,すき家 立会川店,東京都品川区南大井1-6-10加藤ビル1F,1300,20240302,1250,50
すき家,東京都,すき家 溜池山王店,東京都港区赤坂1-5-2外堀通ビル1F,1350,20240302,1320,30
すき家,東京都,すき家 練馬関町南店,東京都練馬区関町南1-11-2,1250,20240302,1200,50
すき家,東京都,すき家 練馬南大泉店,東京都練馬区南大泉1-17-17,1250,20240302,1200,50
すき家,東京都,すき家 蓮根駅西店,東京都板橋区蓮根2-29-6蓮根ビル1F,1250,20240302,1200,50
すき家,東京都,すき家 六本木五丁目店,東京都港区六本木5-9-22第2千陽ビル1F,1380,20240302,1320,60
すき家,大阪府,すき家 和泉はつが野店,大阪府和泉市はつが野1-1-13,1120,20240302,1100,20
すき家,東京都,すき家 糀谷店,東京都大田区南蒲田3-3-1こうじや駅前ビル1F,1300,20240302,1250,50
すき家,東京都,すき家 鶯谷店,東京都台東区根岸1-6-10,1300,20240302,1250,50
