松屋,福岡県,松のや 中洲店,福岡県福岡市博多区中洲5-1-7,1000,20220611,920,80
松屋,兵庫県,松屋 たつの店,兵庫県たつの市龍野町堂本369-3,1000,20220611,950,50
松屋,兵庫県,松屋 加古川平岡町店/マイカリー食堂 加古川平岡町店,兵庫県加古川市平岡町一色370-1,1000,20220611,970,30
松屋,兵庫県,松屋 加古川野口町店,兵庫県加古川市野口町坂元45-1,1000,20220611,970,30
松屋,愛知県,松屋 笠寺店,愛知県名古屋市南区千竈通7-8-1,1050,20220611,1000,50
松屋,福岡県,松屋 吉塚店,福岡県福岡市博多区吉塚本町13-30,1000,20220611,920,80
松屋,石川県,松屋 金沢示野店,石川県金沢市戸板西1-55,1000,20220611,960,40
松屋,広島県,松屋 広島千田店,広島県広島市中区東千田町2-3-23,1000,20220611,950,50
松屋,広島県,松屋 広島矢野店,広島県広島市安芸区矢野西1-2-5,980,20220611,950,30
松屋,福岡県,松屋 行橋中央店/松のや 行橋中央店,福岡県行橋市中央1-13-26,1000,20220611,980,20
松屋,東京都,松屋 高田馬場2丁目店,東京都新宿区高田馬場2-1-2,1150,20220611,1050,100
松屋,東京都,松屋 高田馬場4丁目店,東京都新宿区高田馬場4-11-8,1150,20220611,1050,100
松屋,東京都,松屋 高田馬場店,東京都新宿区高田馬場3-1-2,1150,20220611,1100,50
松屋,兵庫県,松屋 今津店,兵庫県西宮市今津曙町1-1エキーマ今津1F,1000,20220611,960,40
松屋,兵庫県,松屋 阪神西宮店,兵庫県西宮市田中町2-3,1000,20220611,950,50
松屋,東京都,松屋 三ノ輪店,東京都台東区三ノ輪2-14-10,1200,20220611,1100,100
松屋,福岡県,松屋 周船寺店/松のや 周船寺店,福岡県福岡市西区周船寺3-11-10,950,20220611,920,30
松屋,東京都,松屋 曙橋店,東京都新宿区住吉町1-17 ジェントリー市ヶ谷1F,1150,20220611,1050,100
松屋,福岡県,松屋 小倉片野店,福岡県北九州市小倉北区片野4-20-12,980,20220611,950,30
松屋,東京都,松屋 新宿1丁目店,東京都新宿区新宿1丁目26-6,1150,20220611,1050,100
松屋,東京都,松屋 新宿3丁目店,東京都新宿区新宿3-11-11,1150,20220611,1100,50
松屋,東京都,松屋 新宿大ガード店,東京都新宿区西新宿1-2-1,1150,20220611,1100,50
松屋,東京都,松屋 新宿南口店,東京都新宿区新宿3-36-15,1150,20220611,1100,50
松屋,東京都,松屋 新宿二丁目店,東京都新宿区新宿2-7-3,1150,20220611,1100,50
松屋,東京都,松屋 新宿靖国通り店,東京都新宿区歌舞伎町1-6-3,1150,20220611,1100,50
松屋,福岡県,松屋 西新店/マイカリー食堂 西新店,福岡県福岡市早良区西新5丁目1-2,950,20220611,920,30
松屋,東京都,松屋 早稲田店,東京都新宿区馬場下町62-18,1150,20220611,1050,100
松屋,東京都,松屋 大久保2丁目店,東京都新宿区大久保2-5-1,1150,20220611,1050,100
松屋,東京都,松屋 大山店,東京都板橋区大山東町58-2,1100,20220611,1050,50
松屋,大分県,松屋 大分大在店/松のや 大分大在店,大分県大分市角子南2-1-17,950,20220611,920,30
松屋,福岡県,松屋 大名1丁目店,福岡県福岡市中央区大名1-1-10大名TCビル,1000,20220611,920,80
松屋,福岡県,松屋 中洲店,福岡県福岡市博多区中洲5-1-7 SPOONビル1階,1000,20220611,920,80
松屋,東京都,松屋 中板橋店,東京都板橋区中板橋21-2,1100,20220611,1050,50
松屋,広島県,松屋 東広島西条店,広島県東広島市西条町寺家4828-1,980,20220611,950,30
松屋,埼玉県,松屋 東松山上野本店/松のや 東松山上野本店,埼玉県東松山市上野本1174-2,1313,20220611,1050,263
松屋,東京都,松屋 東新宿店,東京都新宿区歌舞伎町2-2-21,1150,20220611,1050,100
松屋,福岡県,松屋 東比恵店,福岡県福岡市博多区東比恵1-4-5,1000,20220611,920,80
松屋,広島県,松屋 廿日市店,広島県廿日市市串戸1-12-5,980,20220611,950,30
松屋,茨城県,松屋 日立桜川町店,茨城県日立市桜川町2-4-12,1250,20220611,950,300
松屋,東京都,松屋 入谷店,東京都台東区北上野2-31-6,1200,20220611,1100,100
松屋,兵庫県,松屋 播磨町店,兵庫県加古郡播磨町南大中3-3-28,1000,20220611,970,30
松屋,福岡県,松屋 博多駅前店/マイカリー食堂 博多駅前店,福岡県福岡市博多区博多駅前3丁目30-29タイセイ第2ビル,1000,20220611,920,80
松屋,福岡県,松屋 博多駅南店/マイカリー食堂 博多駅南店,福岡県福岡市博多区博多駅南1-3-10,1000,20220611,920,80
松屋,兵庫県,松屋 姫路花田店,兵庫県姫路市花田町1本松93番2 他,1000,20220611,950,50
松屋,兵庫県,松屋 姫路飾磨店,兵庫県姫路市飾磨区今在家1066,1000,20220611,950,50
松屋,兵庫県,松屋 姫路大手前通店,兵庫県姫路市駅前町338,1000,20220611,950,50
松屋,兵庫県,松屋 姫路南店,兵庫県姫路市安田3-119,1000,20220611,950,50
松屋,富山県,松屋 富山下赤江店,富山県富山市下赤江町1-1-69,1050,20220611,1000,50
松屋,富山県,松屋 富山掛尾店,富山県富山市掛尾町259,1050,20220611,1000,50
松屋,富山県,松屋 富山田中町店,富山県富山市田中町4-18-43,1050,20220611,1000,50
松屋,富山県,松屋 富山婦中店,富山県富山市婦中町下轡田428-4,1050,20220611,1000,50
松屋,東京都,松屋 平和台店,東京都練馬区早宮2-17-39,1150,20220611,1100,50
松屋,福岡県,松屋 姪浜店,福岡県福岡市西区内浜1-7-5 ウエストコート姪浜内,950,20220611,920,30
松屋,愛知県,松屋 野並店,愛知県名古屋市緑区鳴海町字杜若7-1,1050,20220611,1000,50
