吉野家,沖縄県,株式会社吉野家ホールディングス 沖縄工場,沖縄県宜野湾市字宇地泊2-38-7 1F,960,20240928,900,60
吉野家,香川県,株式会社吉野家ホールディングス 高松工場,香川県高松市勅使町1219-4,1000,20240928,950,50
吉野家,北海道,株式会社吉野家ホールディングス北海道工場,北海道北広島市輪厚中央1丁目1-14（共進運輸様建物内にあります）,1010,20240928,1000,10
吉野家,青森県,吉野家 102号線弘前高田店,青森県弘前市高田5丁目2‐4,980,20240928,900,80
吉野家,福島県,吉野家 118号線会津若松南店,福島県会津若松市西栄町5‐21,970,20240928,950,20
吉野家,徳島県,吉野家 11号線川内店,徳島県徳島市川内町鶴島107‐1,1000,20240928,950,50
吉野家,山形県,吉野家 121号線米沢店,山形県米沢市徳町164‐5,1000,20240928,970,30
吉野家,茨城県,吉野家 123号線茨城大学前店,茨城県水戸市堀町1066‐1,1050,20240928,980,70
吉野家,茨城県,吉野家 124号線鹿嶋店,茨城県鹿嶋市宮中1970‐1,1050,20240928,1000,50
吉野家,茨城県,吉野家 124号線神栖店,茨城県神栖市大野原1丁目6‐3,1050,20240928,1000,50
吉野家,茨城県,吉野家 125号線古河店,茨城県古河市西牛谷1017‐5,1100,20240928,1000,100
吉野家,北海道,吉野家 12号線岩見沢店,北海道岩見沢市日の出町8‐20,1050,20240928,1000,50
吉野家,北海道,吉野家 12号線厚別東店,北海道札幌市厚別区厚別東4条3丁目24‐71,1050,20240928,1030,20
吉野家,神奈川,吉野家 134号線江ノ島店,神奈川県鎌倉市腰越3丁目4‐3,1180,20240928,1150,30
吉野家,福島県,吉野家 13号線福島北中央店,福島県福島市北中央1丁目1‐1,1020,20240928,970,50
吉野家,大阪府,吉野家 163号線門真店,大阪府門真市寿町21‐30,1120,20240928,1100,20
吉野家,神奈川,吉野家 16号線金沢文庫店,神奈川県横浜市金沢区谷津町151,1180,20240928,1150,30
吉野家,神奈川,吉野家 16号線西谷店,神奈川県横浜市保土ケ谷区西谷町1097‐1,1180,20240928,1150,30
吉野家,神奈川,吉野家 16号線追浜店,神奈川県横須賀市追浜町1丁目38‐1,1180,20240928,1120,60
吉野家,大阪府,吉野家 170号線河内長野店,大阪府河内長野市上原西町10‐7,1150,20240928,1100,50
吉野家,大阪府,吉野家 170号線尺度店,大阪府羽曳野市尺度190‐1,1150,20240928,1100,50
吉野家,大阪府,吉野家 170号線藤井寺店,大阪府藤井寺市野中2丁目1‐1,1150,20240928,1110,40
吉野家,大阪府,吉野家 170号線八尾店,大阪府八尾市大竹1丁目62,1150,20240928,1100,50
吉野家,大阪府,吉野家 170号線野崎店,大阪府大東市南津の辺町21‐38,1150,20240928,1130,20
吉野家,大阪府,吉野家 171号線茨木インター店,大阪府茨木市郡4丁目18‐35,1150,20240928,1130,20
吉野家,大阪府,吉野家 171号線小野原店,大阪府箕面市粟生新家4丁目1-2,1120,20240928,1100,20
吉野家,徳島県,吉野家 192号線佐古店,徳島県徳島市佐古七番町7‐2,1000,20240928,950,50
吉野家,岐阜県,吉野家 19号線瑞浪店,岐阜県瑞浪市上平町4丁目86,1050,20240928,1000,50
吉野家,神奈川,吉野家 1号線国府津インター店,神奈川県小田原市国府津1丁目5‐4,1180,20240928,1120,60
吉野家,京都府,吉野家 1号線山科店,京都府京都市山科区大塚森町11‐3,1100,20240928,1050,50
吉野家,滋賀県,吉野家 1号線草津店,滋賀県草津市南笠東1丁目2‐23,1100,20240928,1050,50
吉野家,大阪府,吉野家 1号線枚方店,大阪府枚方市宮之阪4丁目28‐39,1150,20240928,1100,50
吉野家,岐阜県,吉野家 21号線鵜沼店,岐阜県各務原市鵜沼西町1丁目648,1050,20240928,1000,50
吉野家,岐阜県,吉野家 21号線各務原店,岐阜県各務原市鵜沼三ツ池町2丁目151,1050,20240928,1000,50
吉野家,岐阜県,吉野家 21号線大垣北店,岐阜県大垣市八島町83,1050,20240928,1000,50
吉野家,北海道,吉野家 228号線北斗七重浜,北海道北斗市七重浜7丁目14‐18,1050,20240928,1000,50
吉野家,北海道,吉野家 230号線藻岩店,北海道札幌市南区南35条西10丁目13,1050,20240928,1030,20
吉野家,北海道,吉野家 231号線篠路店,北海道札幌市北区篠路2条1丁目2‐8,1050,20240928,1030,20
吉野家,神奈川,吉野家 246号線厚木妻田店,神奈川県厚木市妻田東3丁目1‐1,1180,20240928,1120,60
吉野家,神奈川,吉野家 246号線秦野店,神奈川県秦野市曽屋1336,1180,20240928,1130,50
吉野家,奈良県,吉野家 24号線葛城店,奈良県葛城市忍海488‐1,1050,20240928,1020,30
吉野家,奈良県,吉野家 24号線奈良北店,奈良県奈良市法蓮町439‐1,1100,20240928,1050,50
吉野家,奈良県,吉野家 25号線天理店,奈良県天理市田井庄町498‐1,1100,20240928,1020,80
吉野家,大阪府,吉野家 26号線貝塚店,大阪府貝塚市石才229‐1,1150,20240928,1100,50
吉野家,大阪府,吉野家 26号線岸和田八阪店,大阪府岸和田市八阪町1丁目7‐13,1150,20240928,1100,50
吉野家,大阪府,吉野家 26号線堺浜寺店,大阪府堺市西区浜寺船尾町東1丁112,1150,20240928,1100,50
吉野家,大阪府,吉野家 26号線泉佐野店,大阪府泉佐野市高松東2丁目6529,1150,20240928,1100,50
吉野家,大阪府,吉野家 26号線泉大津店,大阪府泉大津市北豊中町3丁目1‐3,1150,20240928,1110,40
吉野家,大阪府,吉野家 308号線吉田店,大阪府東大阪市角田1丁目5‐50,1150,20240928,1130,20
吉野家,大阪府,吉野家 309号線三宅店,大阪府松原市三宅中1丁目269‐2,1150,20240928,1100,50
吉野家,大阪府,吉野家 309号線美原店,大阪府堺市美原区太井81‐1,1120,20240928,1100,20
吉野家,沖縄県,吉野家 329号線南風原店,沖縄県島尻郡南風原町兼城516‐1,1000,20240928,950,50
吉野家,沖縄県,吉野家 329号線与那原店,沖縄県島尻郡与那原町与那原1043,1000,20240928,950,50
吉野家,高知県,吉野家 32号線高知高須東店,高知県高知市高須東町1‐3,1000,20240928,980,20
吉野家,沖縄県,吉野家 330号線宜野湾店,沖縄県宜野湾市我如古1丁目54‐23,1000,20240928,950,50
吉野家,沖縄県,吉野家 331号線糸満店,沖縄県糸満市潮平772‐1,1000,20240928,950,50
吉野家,青森県,吉野家 339号線五所川原店,青森県五所川原市烏森502,980,20240928,900,80
吉野家,茨城県,吉野家 349号線那珂菅谷店,茨城県那珂市竹ノ内1‐5‐16,1050,20240928,980,70
吉野家,北海道,吉野家 36号線苫小牧店,北海道苫小牧市若草町3丁目2‐2,1050,20240928,1030,20
吉野家,北海道,吉野家 38号線帯広店,北海道帯広市西1条南1丁目1-2,1100,20240928,1050,50
吉野家,福岡県,吉野家 3号線黒崎西店,福岡県北九州市八幡西区萩原1丁目2‐33,1000,20240928,950,50
吉野家,福岡県,吉野家 3号線小倉清水店,福岡県北九州市小倉北区清水3丁目10‐8,1000,20240928,950,50
吉野家,神奈川,吉野家 412号線厚木林店,神奈川県厚木市林4丁目20‐30,1180,20240928,1120,60
吉野家,宮城県,吉野家 45号線塩竃店,宮城県塩竈市杉の入4丁目33,1000,20240928,950,50
吉野家,宮城県,吉野家 45号線多賀城八幡店,宮城県多賀城市八幡4丁目2‐11,1000,20240928,970,30
吉野家,青森県,吉野家 45号線八戸類家店,青森県八戸市類家4丁目1‐2,980,20240928,970,10
吉野家,神奈川,吉野家 467号線六会店,神奈川県藤沢市亀井野2丁目4‐5,1180,20240928,1150,30
吉野家,福島県,吉野家 49号線会津若松店,福島県会津若松市一箕町大字亀賀郷之原174‐1,970,20240928,950,20
吉野家,福島県,吉野家 49号線郡山桑野店,福島県郡山市桑野町4‐47‐1,1030,20240928,970,60
吉野家,福島県,吉野家 4号線伊達店,福島県伊達市坂ノ上8‐1,980,20240928,950,30
吉野家,岩手県,吉野家 4号線一関店,岩手県一関市山目十二神19‐1,970,20240928,950,20
吉野家,宮城県,吉野家 4号線岩沼店,宮城県岩沼市末広1丁目241‐1,1000,20240928,950,50
吉野家,宮城県,吉野家 4号線古川栄町店,宮城県大崎市古川栄町6‐25,1000,20240928,950,50
吉野家,宮城県,吉野家 4号線古川店,宮城県大崎市古川若葉町2丁目12‐37,1000,20240928,950,50
吉野家,宮城県,吉野家 4号線松森店,宮城県仙台市泉区松森斉兵衛2‐8,1000,20240928,970,30
吉野家,福島県,吉野家 4号線新白河店,福島県西白河郡西郷村豊作西18‐1,1080,20240928,1030,50
吉野家,福島県,吉野家 4号線須賀川店,福島県須賀川市大黒町135‐1,1080,20240928,1030,50
吉野家,岩手県,吉野家 4号線水沢店,岩手県奥州市水沢区佐倉河前田80‐1,970,20240928,950,20
吉野家,宮城県,吉野家 4号線仙台山の寺店,宮城県仙台市泉区山の寺1丁目1‐3,1000,20240928,970,30
吉野家,宮城県,吉野家 4号線白石店,宮城県白石市福岡蔵本西町78,1000,20240928,950,50
吉野家,宮城県,吉野家 4号線富谷店,宮城県富谷市ひより台1丁目43‐5,1000,20240928,970,30
吉野家,福島県,吉野家 4号線福島黒岩店,福島県福島市黒岩榎平58‐2,980,20240928,950,30
吉野家,福島県,吉野家 4号線福島入江町店,福島県福島市入江町14‐9,980,20240928,950,30
吉野家,福島県,吉野家 4号線本宮店,福島県本宮市本宮栄田68‐1,980,20240928,950,30
吉野家,宮城県,吉野家 4号線名取店,宮城県名取市上余田干刈田569‐1,1000,20240928,950,50
吉野家,栃木県,吉野家 4号線矢板店,栃木県矢板市中930‐1,1030,20240928,1000,30
吉野家,茨城県,吉野家 50号線水戸河和田店,茨城県水戸市河和田2丁目2229‐2,1050,20240928,1000,50
吉野家,沖縄県,吉野家 58号線牧港店,沖縄県浦添市牧港5丁目5‐7,1000,20240928,950,50
吉野家,茨城県,吉野家 6号線常陸多賀店,茨城県日立市桜川町2丁目2‐3,1050,20240928,980,70
吉野家,茨城県,吉野家 6号線石岡店,茨城県石岡市石岡3918‐2,1100,20240928,1000,100
吉野家,茨城県,吉野家 6号線日立神峰店,茨城県日立市神峰町1丁目8‐15,1050,20240928,980,70
吉野家,青森県,吉野家 7号線青森西店,青森県青森市石江高間39‐1,1000,20240928,900,100
吉野家,滋賀県,吉野家 8号線野洲店,滋賀県野洲市小篠原481‐1,1100,20240928,1050,50
吉野家,栃木県,吉野家 Dila小山店,栃木県小山市城山町3丁目3‐22,1050,20240928,1000,50
吉野家,大阪府,吉野家 JR茨木駅前店,大阪府茨木市西駅前町5‐36,1150,20240928,1130,20
吉野家,茨城県,吉野家 JR古河駅店,茨城県古河市本町1‐1‐15,1050,20240928,1000,50
吉野家,岩手県,吉野家 K盛岡インター,岩手県盛岡市稲荷町1‐30,970,20240928,950,20
吉野家,茨城県,吉野家 TX守谷駅店,茨城県守谷市中央3丁目2,1050,20240928,1000,50
吉野家,大阪府,吉野家 あびこ店,大阪府大阪市住吉区苅田7丁目60‐20,1120,20240928,1100,20
吉野家,福島県,吉野家 いわき平谷川瀬店,福島県いわき市平谷川瀬2丁目12‐1,1050,20240928,1030,20
吉野家,沖縄県,吉野家 うるま志林川店,沖縄県うるま市高江洲1079‐1,1000,20240928,950,50
吉野家,大阪府,吉野家 ぐみの木店,大阪府大阪狭山市ぐみの木6丁目921‐1,1150,20240928,1100,50
吉野家,茨城県,吉野家 つくばみらい店,茨城県つくばみらい市小絹726‐2,1050,20240928,1000,50
吉野家,茨城県,吉野家 つくば台町店,茨城県つくば市台町2丁目3‐14,1050,20240928,1000,50
吉野家,茨城県,吉野家 つくば大境店,茨城県つくば市西大橋593‐10,1100,20240928,1000,100
吉野家,茨城県,吉野家 つくば天久保店,茨城県つくば市天久保2‐15‐1,1050,20240928,1000,50
吉野家,茨城県,吉野家 ひたちなか西光地店,茨城県ひたちなか市西光地3丁目1‐1,1050,20240928,980,70
吉野家,茨城県,吉野家 ひたちなか店,茨城県ひたちなか市中根3169‐2,1050,20240928,980,70
吉野家,沖縄県,吉野家 ひめゆり通り店,沖縄県那覇市壺屋2‐6‐5,1000,20240928,950,50
吉野家,北海道,吉野家 イオン札幌桑園店,北海道札幌市中央区北8条西14丁目28 イオン札幌桑園1階フードコート,1050,20240928,1030,20
吉野家,沖縄県,吉野家 イオン北谷店,沖縄県中頭郡北谷町美浜8‐3,1000,20240928,950,50
吉野家,大阪府,吉野家 イズミヤ八尾店,大阪府八尾市沼1丁目1番地,1120,20240928,1100,20
吉野家,大阪府,吉野家 エコールいずみ店,大阪府和泉市いぶき野5丁目1‐14,1150,20240928,1100,50
吉野家,茨城県,吉野家 カインズ結城店,茨城県結城市結城9784‐3,1030,20240928,1000,30
吉野家,大阪府,吉野家 ザビエル公園店,大阪府堺市堺区戎之町東1‐1,1150,20240928,1100,50
吉野家,福岡県,吉野家 チャチャタウン小倉店,福岡県北九州市小倉北区砂津3丁目1‐1 チャチャタウン小倉1F,1000,20240928,950,50
吉野家,沖縄県,吉野家 パイプライン浦添店,沖縄県浦添市屋富祖1丁目1‐2,1000,20240928,950,50
吉野家,新潟県,吉野家 フレスポ新発田店,新潟県新発田市富塚町3丁目281‐1,1050,20240928,980,70
吉野家,神奈川,吉野家 モレラ東戸塚西口店,神奈川県横浜市戸塚区川上町91‐1,1180,20240928,1120,60
吉野家,岐阜県,吉野家 ルビットタウン中津川店,岐阜県中津川市淀川町3番8号 ルビットタウン中津川商業施設内,1050,20240928,1000,50
吉野家,北海道,吉野家 旭川4条通店,北海道旭川市4条通2丁目924‐2,1050,20240928,1000,50
吉野家,北海道,吉野家 旭川永山店,北海道旭川市永山3条8丁目1‐5,1050,20240928,1000,50
吉野家,北海道,吉野家 旭川豊岡店,北海道旭川市豊岡1条4丁目340‐43,1050,20240928,1000,50
吉野家,京都府,吉野家 宇治槙島店,京都府宇治市槙島町一の坪39,1100,20240928,1050,50
吉野家,栃木県,吉野家 宇都宮大曽店,栃木県宇都宮市上大曽町361‐1,1050,20240928,1030,20
吉野家,大阪府,吉野家 羽曳野店,大阪府羽曳野市向野3丁目74‐1,1150,20240928,1100,50
吉野家,大阪府,吉野家 横堤店,大阪府大阪市鶴見区横堤3丁目6‐44,1150,20240928,1130,20
吉野家,奈良県,吉野家 王寺駅前店,奈良県北葛城郡王寺町久度2丁目3538‐1,1100,20240928,1020,80
吉野家,沖縄県,吉野家 沖縄南インター店,沖縄県沖縄市上地4丁目20‐7,1000,20240928,950,50
吉野家,奈良県,吉野家 河合町店,奈良県北葛城郡河合町池部2丁目4‐17,1100,20240928,1020,80
吉野家,大阪府,吉野家 河内小阪駅前店,大阪府東大阪市小阪本町1丁目3‐2,1150,20240928,1100,50
吉野家,岩手県,吉野家 花巻中央店,岩手県花巻市里川口町2‐2,970,20240928,950,20
吉野家,神奈川,吉野家 海老名上郷店,神奈川県海老名市上郷389-1,1180,20240928,1150,30
吉野家,茨城県,吉野家 笠間友部店,茨城県笠間市東平3丁目1‐14,1050,20240928,1000,50
吉野家,神奈川,吉野家 寒川一之宮店,神奈川県高座郡寒川町一之宮2丁目12‐15,1180,20240928,1120,60
吉野家,神奈川,吉野家 環状2号線下永谷店,神奈川県横浜市港南区下永谷6丁目10‐20,1200,20240928,1150,50
吉野家,神奈川,吉野家 環状4号線下瀬谷店,神奈川県横浜市瀬谷区下瀬谷2丁目18‐17,1180,20240928,1150,30
吉野家,北海道,吉野家 環状通東店,北海道札幌市東区北15条東17丁目1,1050,20240928,1030,20
吉野家,北海道,吉野家 環状通美園店,北海道札幌市豊平区美園4条6丁目3-10,1050,20240928,1030,20
吉野家,大阪府,吉野家 岸和田和泉インター店,大阪府岸和田市三田町400‐21,1150,20240928,1100,50
吉野家,岐阜県,吉野家 岐阜市橋店,岐阜県岐阜市市橋2丁目8‐2,1050,20240928,1000,50
吉野家,岐阜県,吉野家 岐阜則武店,岐阜県岐阜市則武中2丁目35‐7,1050,20240928,1000,50
吉野家,岐阜県,吉野家 岐阜六条店,岐阜県岐阜市六条江東3丁目5‐1,1050,20240928,1000,50
吉野家,福岡県,吉野家 久留米市役所前店,福岡県久留米市中央町23‐2,1000,20240928,980,20
吉野家,福岡県,吉野家 久留米上津店,福岡県久留米市上津町1417‐14,1000,20240928,980,20
吉野家,宮崎県,吉野家 宮崎祇園店,宮崎県宮崎市霧島4丁目44‐1,1000,20240928,950,50
吉野家,宮城県,吉野家 宮城佐沼店,宮城県登米市迫町佐沼萩洗2丁目1‐3,1000,20240928,950,50
吉野家,茨城県,吉野家 牛久南店,茨城県牛久市南6丁目4‐5,1050,20240928,1000,50
吉野家,神奈川,吉野家 京急杉田店,神奈川県横浜市磯子区杉田1丁目17‐1 プララSugita 1階,1180,20240928,1120,60
吉野家,大阪府,吉野家 京阪くずは駅店,大阪府枚方市楠葉花園町14‐10,1150,20240928,1100,50
吉野家,京都府,吉野家 京都競馬場店,京都府京都市伏見区葭島渡場町32京都競馬場内1F,1060,20240928,1020,40
吉野家,京都府,吉野家 京都八条口店,京都府京都市南区西九条北ノ内町41番4,1200,20240928,1150,50
吉野家,京都府,吉野家 京都百万遍店,京都府京都市左京区田中門前町28‐14,1150,20240928,1050,100
吉野家,京都府,吉野家 京都洛北店,京都府京都市左京区下鴨本町12‐3,1150,20240928,1100,50
吉野家,大阪府,吉野家 玉出店,大阪府大阪市住之江区粉浜西1丁目1‐23,1150,20240928,1100,50
吉野家,群馬県,吉野家 玉村上飯島店,群馬県佐波郡玉村町上飯島269‐1,1050,20240928,1000,50
吉野家,大阪府,吉野家 近鉄八尾駅前店,大阪府八尾市光町2丁目180‐1,1150,20240928,1120,30
吉野家,北海道,吉野家 釧路鳥取大通店,北海道釧路市鳥取大通7丁目6‐1,1050,20240928,1000,50
吉野家,福島県,吉野家 郡山さくら通り店,福島県郡山市虎丸町9‐15,1030,20240928,970,60
吉野家,愛知県,吉野家 犬山店,愛知県犬山市犬山東古券316‐1,1100,20240928,1050,50
吉野家,和歌山,吉野家 御坊店,和歌山県御坊市薗307‐1,1050,20240928,1000,50
吉野家,神奈川,吉野家 厚木街道東希望が丘店,神奈川県横浜市旭区東希望が丘42,1180,20240928,1150,30
吉野家,神奈川,吉野家 厚木関口店,神奈川県厚木市関口236ー5,1180,20240928,1120,60
吉野家,青森県,吉野家 弘前中央通り店,青森県弘前市北瓦ヶ町7‐1,980,20240928,900,80
吉野家,神奈川,吉野家 弘明寺店,神奈川県横浜市南区弘明寺町133‐1,1180,20240928,1150,30
吉野家,茨城県,吉野家 荒川沖店,茨城県稲敷郡阿見町住吉2丁目24‐6,1050,20240928,1000,50
吉野家,大阪府,吉野家 今里店,大阪府大阪市東成区大今里西1丁目30‐10,1150,20240928,1120,30
吉野家,新潟県,吉野家 佐渡佐和田店,新潟県佐渡市長木767‐1,1050,20240928,960,90
吉野家,大阪府,吉野家 阪急茨木市駅前店,大阪府茨木市別院町3‐1,1150,20240928,1130,20
吉野家,大阪府,吉野家 阪急淡路駅東口店,大阪府大阪市東淀川区淡路4‐17‐11,1120,20240928,1100,20
吉野家,大阪府,吉野家 阪南鳥取店,大阪府阪南市黒田705‐1,1150,20240928,1100,50
吉野家,大阪府,吉野家 堺東駅前店,大阪府堺市堺区中瓦町2丁目3‐26,1150,20240928,1120,30
吉野家,北海道,吉野家 札幌駅APIA店,北海道札幌市中央区北5条西4丁目,1100,20240928,1030,70
吉野家,北海道,吉野家 札幌麻生店,北海道札幌市北区北40条西5丁目331‐1,1050,20240928,1030,20
吉野家,広島県,吉野家 山陽道沼田PA下り店,広島県広島市安佐南区伴東町136‐1,1050,20240928,1000,50
吉野家,茨城県,吉野家 守谷美園店,茨城県守谷市美園4丁目1‐6,1050,20240928,1000,50
吉野家,北海道,吉野家 手稲前田店,北海道札幌市手稲区前田5条6丁目3‐18,1050,20240928,1030,20
吉野家,大阪府,吉野家 住之江公園店,大阪府大阪市住之江区南加賀屋2丁目8‐26,1200,20240928,1100,100
吉野家,群馬県,吉野家 渋川インター店,群馬県渋川市半田2479‐1,1050,20240928,1000,50
吉野家,福岡県,吉野家 春日宝町店,福岡県春日市宝町4丁目24‐6,1000,20240928,980,20
吉野家,東京都,吉野家 小金井店,東京都小金井市前原町4丁目13‐7,1250,20240928,1150,100
吉野家,東京都,吉野家 小田急町田駅南口店,東京都町田市原町田6丁目11‐7,1200,20240928,1150,50
吉野家,神奈川,吉野家 小田原駅前店,神奈川県小田原市栄町1丁目14‐3,1180,20240928,1120,60
吉野家,大阪府,吉野家 昭和町店,大阪府大阪市阿倍野区昭和町2丁目1‐12,1120,20240928,1100,20
吉野家,北海道,吉野家 上江別店,北海道江別市上江別427‐27他（地番）,1050,20240928,1030,20
吉野家,大阪府,吉野家 上新庄駅前店,大阪府大阪市東淀川区上新庄2丁目24‐24,1150,20240928,1130,20
吉野家,大阪府,吉野家 上本町店,大阪府大阪市天王寺区上本町6丁目6‐23,1180,20240928,1150,30
吉野家,大阪府,吉野家 城北公園前店,大阪府大阪市旭区生江三丁目16‐34,1150,20240928,1120,30
吉野家,大阪府,吉野家 寝屋川市駅前店,大阪府寝屋川市早子町23‐2,1150,20240928,1130,20
吉野家,栃木県,吉野家 新4号線上三川店,栃木県河内郡上三川町しらさぎ1丁目6‐8,1050,20240928,1030,20
吉野家,北海道,吉野家 新琴似4番通店,北海道札幌市北区新琴似八条17丁目765‐3,1050,20240928,1030,20
吉野家,茨城県,吉野家 水戸駅店,茨城県水戸市宮町1丁目1‐1,1100,20240928,1030,70
吉野家,茨城県,吉野家 水戸笠原店,茨城県水戸市笠原町1194‐2,1050,20240928,1000,50
吉野家,茨城県,吉野家 水戸城南店,茨城県水戸市城南3丁目7‐9,1050,20240928,1000,50
吉野家,岐阜県,吉野家 瑞穂店,岐阜県瑞穂市馬場小城町1丁目23,1050,20240928,1000,50
吉野家,神奈川,吉野家 瀬谷駅前店,神奈川県横浜市瀬谷区中央1‐4,1180,20240928,1150,30
吉野家,岩手県,吉野家 盛岡フェザン店,岩手県盛岡市盛岡駅前通1‐44 盛岡駅ビルフェザン本館B1F,970,20240928,950,20
吉野家,岩手県,吉野家 盛岡月が丘店,岩手県盛岡市月が丘2丁目8‐5,970,20240928,950,20
吉野家,岩手県,吉野家 盛岡南仙北店,岩手県盛岡市南仙北2‐27‐6,970,20240928,950,20
吉野家,大阪府,吉野家 西田辺店,大阪府大阪市阿倍野区西田辺町1丁目17‐1,1150,20240928,1100,50
吉野家,青森県,吉野家 青森駅前店,青森県青森市新町1丁目1‐12,1000,20240928,900,100
吉野家,宮城県,吉野家 石巻バイパス店,宮城県石巻市南中里4丁目7‐19,1000,20240928,950,50
吉野家,宮城県,吉野家 石巻大街道店,宮城県石巻市大街道西1丁目2‐10,1000,20240928,950,50
吉野家,東京都,吉野家 仙川店,東京都調布市仙川町1‐16‐18,1200,20240928,1150,50
吉野家,宮城県,吉野家 仙台イービーンズ店,宮城県仙台市青葉区中央4丁目1‐1,1000,20240928,950,50
吉野家,宮城県,吉野家 仙台駅西口店,宮城県仙台市青葉区中央1丁目7‐1,1000,20240928,950,50
吉野家,宮城県,吉野家 仙台駅東口店,宮城県仙台市宮城野区榴岡2丁目1‐20,1000,20240928,950,50
吉野家,宮城県,吉野家 仙台加茂店,宮城県仙台市泉区加茂2丁目1‐1,1000,20240928,970,30
吉野家,宮城県,吉野家 仙台河原町店,宮城県仙台市若林区河原町1丁目1‐27,1000,20240928,950,50
吉野家,宮城県,吉野家 仙台宮千代店,宮城県仙台市宮城野区宮千代2丁目2‐8,1000,20240928,960,40
吉野家,宮城県,吉野家 仙台高砂店,宮城県仙台市宮城野区福室4丁目18‐22,1000,20240928,930,70
吉野家,宮城県,吉野家 仙台中山店,宮城県仙台市泉区南中山1丁目41‐1,1000,20240928,970,30
吉野家,宮城県,吉野家 仙台長町南店,宮城県仙台市太白区長町8丁目21‐6,1000,20240928,950,50
吉野家,北海道,吉野家 千歳店,北海道千歳市北栄2丁目3番2号,1050,20240928,1030,20
吉野家,東京都,吉野家 川崎街道矢野口店,東京都稲城市矢野口868,1200,20240928,1150,50
吉野家,兵庫県,吉野家 川西店,兵庫県川西市下加茂1丁目14-14,1060,20240928,1030,30
吉野家,大阪府,吉野家 太子堂店,大阪府八尾市南太子堂2丁目1‐59,1150,20240928,1100,50
吉野家,神奈川,吉野家 大井松田店,神奈川県足柄上郡大井町金子1842,1180,20240928,1120,60
吉野家,秋田県,吉野家 大館清水店,秋田県大館市清水2丁目1‐1,980,20240928,950,30
吉野家,大阪府,吉野家 大池橋店,大阪府大阪市生野区中川西3丁目5-32,1150,20240928,1100,50
吉野家,福岡県,吉野家 大池通り長丘店,福岡県福岡市南区長丘5丁目15‐1,1000,20240928,980,20
吉野家,北海道,吉野家 大通西10丁目店,北海道札幌市中央区大通西10丁目4‐173,1050,20240928,1030,20
吉野家,福岡県,吉野家 大野城店,福岡県大野城市瓦田4丁目12‐40,1000,20240928,980,20
吉野家,奈良県,吉野家 大和郡山店,奈良県大和郡山市柳町80‐1,1100,20240928,1020,80
吉野家,大阪府,吉野家 大和田駅前店,大阪府門真市野里町1‐32,1150,20240928,1080,70
吉野家,大阪府,吉野家 中央環状線久宝寺店,大阪府東大阪市大蓮東4丁目11-33,1120,20240928,1100,20
吉野家,大阪府,吉野家 中央大通深江橋店,大阪府大阪市東成区東今里2丁目2‐6,1150,20240928,1130,20
吉野家,大阪府,吉野家 中環学園町店,大阪府摂津市学園町1丁目7‐44,1150,20240928,1130,20
吉野家,大阪府,吉野家 中環松原丹南店,大阪府松原市丹南4丁目1‐4,1150,20240928,1100,50
吉野家,大阪府,吉野家 中環東大阪若江店,大阪府東大阪市若江南町3丁目8‐53,1150,20240928,1100,50
吉野家,大阪府,吉野家 中百舌鳥店,大阪府堺市北区百舌鳥梅町2丁3‐3,1150,20240928,1100,50
吉野家,大阪府,吉野家 長居公園通り店,大阪府大阪市東住吉区照ヶ丘矢田1‐23‐1,1120,20240928,1100,20
吉野家,大阪府,吉野家 長居店,大阪府大阪市住吉区長居東4丁目2‐3,1150,20240928,1100,50
吉野家,大阪府,吉野家 帝塚山店,大阪府大阪市阿倍野区帝塚山1丁目12-6,1150,20240928,1100,50
吉野家,大阪府,吉野家 都島駅前店,大阪府大阪市都島区善源寺町1丁目5‐53,1150,20240928,1100,50
吉野家,茨城県,吉野家 土浦真鍋店,茨城県土浦市真鍋2丁目1‐28,1050,20240928,1000,50
吉野家,高知県,吉野家 土佐バイパス店,高知県高知市鴨部3丁目24‐25,1000,20240928,950,50
吉野家,福岡県,吉野家 東合川店,福岡県久留米市東合川2丁目3‐21,1000,20240928,980,20
吉野家,大阪府,吉野家 東大阪八戸ノ里店,大阪府東大阪市御厨南2丁目4‐3,1150,20240928,1100,50
吉野家,神奈川,吉野家 東林間店,神奈川県相模原市南区上鶴間7‐6‐6 中島ビル1階,1200,20240928,1150,50
吉野家,神奈川,吉野家 藤沢石川店,神奈川県藤沢市石川1丁目1‐18,1180,20240928,1150,30
吉野家,北海道,吉野家 苫小牧新開町店,北海道苫小牧市新開町2‐2‐2,1050,20240928,1030,20
吉野家,沖縄県,吉野家 那覇東バイパス国場店,沖縄県那覇市字国場333‐1,1000,20240928,950,50
吉野家,大阪府,吉野家 内環状線江坂店,大阪府吹田市穂波町6‐20,1120,20240928,1100,20
吉野家,福岡県,吉野家 南バイパス太宰府店,福岡県太宰府市梅香苑1丁目1‐41,1000,20240928,980,20
吉野家,北海道,吉野家 南郷通6丁目店,北海道札幌市白石区南郷通6丁目北3-36,1050,20240928,1030,20
吉野家,大阪府,吉野家 南港通り平野店,大阪府大阪市平野区平野西1丁目1-6,1150,20240928,1120,30
吉野家,福島県,吉野家 二本松安達店,福島県二本松市油井字福岡440,980,20240928,950,30
吉野家,兵庫県,吉野家 尼宝線池尻店,兵庫県伊丹市池尻2丁目1-15,1060,20240928,1030,30
吉野家,兵庫県,吉野家 尼宝線労災病院前店,兵庫県尼崎市稲葉元町3丁目21,1060,20240928,1050,10
吉野家,茨城県,吉野家 日立川尻店,茨城県日立市川尻町4丁目29‐23,1050,20240928,980,70
吉野家,北海道,吉野家 函館神山店,北海道函館市神山2丁目7-1,1050,20240928,1000,50
吉野家,青森県,吉野家 八戸石堂店,青森県八戸市石堂2丁目21‐8,980,20240928,970,10
吉野家,熊本県,吉野家 八代店,熊本県八代市松江町241‐1,1000,20240928,950,50
吉野家,福岡県,吉野家 八幡下上津役店,福岡県北九州市八幡西区下上津役4丁目24‐1,1000,20240928,950,50
吉野家,大阪府,吉野家 八尾高安店,大阪府八尾市高安町北7丁目178‐6,1150,20240928,1100,50
吉野家,大阪府,吉野家 布施駅前店,大阪府東大阪市長堂1‐1-33,1150,20240928,1100,50
吉野家,神奈川,吉野家 平塚駅前店,神奈川県平塚市紅谷町2‐1,1180,20240928,1120,60
吉野家,神奈川,吉野家 平塚天沼店,神奈川県平塚市天沼1‐42,1180,20240928,1120,60
吉野家,大阪府,吉野家 平野店,大阪府大阪市平野区平野元町7‐13,1150,20240928,1100,50
吉野家,沖縄県,吉野家 泡瀬ベイストリート店,沖縄県沖縄市泡瀬4丁目20‐11,1000,20240928,950,50
吉野家,大阪府,吉野家 北花田店,大阪府堺市北区北花田町3丁32‐6,1150,20240928,1100,50
吉野家,大阪府,吉野家 北巽店,大阪府大阪市生野区巽北3丁目15‐24,1150,20240928,1100,50
吉野家,神奈川,吉野家 本厚木店,神奈川県厚木市中町2丁目1‐22,1200,20240928,1150,50
吉野家,大阪府,吉野家 枚方渚内野店,大阪府枚方市渚内野1丁目2‐5,1150,20240928,1100,50
吉野家,大阪府,吉野家 枚方東香里店,大阪府枚方市東香里南町52‐30,1150,20240928,1100,50
吉野家,宮城県,吉野家 柳生店,宮城県名取市田高神明186‐1,1000,20240928,950,50
吉野家,北海道,吉野家 羊ヶ丘通清田店,北海道札幌市清田区清田2条3丁目3-53,1050,20240928,1030,20
吉野家,宮城県,吉野家 利府店,宮城県宮城郡利府町神谷沢館の内73‐1,1000,20240928,970,30
吉野家,神奈川,吉野家 立場店,神奈川県横浜市泉区中田北1丁目26‐6,1180,20240928,1150,30
吉野家,大阪府,吉野家 臨海岸和田店,大阪府岸和田市下野町3丁目10‐39,1150,20240928,1100,50
吉野家,大阪府,吉野家 臨海二色の浜店,大阪府貝塚市澤877‐1,1150,20240928,1100,50
吉野家,大阪府,吉野家 臨海緑町店,大阪府堺市堺区緑町1丁14‐1,1150,20240928,1100,50
吉野家,福岡県,吉野家 六本松店,福岡県福岡市中央区六本松2丁目6‐6 HILLTOP BUILDING1階,1000,20240928,980,20
吉野家,和歌山,吉野家 和歌山向店,和歌山県和歌山市向203‐1,1050,20240928,1000,50
松屋,東京都,松屋フーズ 本社,東京都武蔵野市中町1-14-5,1163,20240928,1120,43
