松屋,茨城県,松のや つくば東大通り店,茨城県つくば市天久保4-6-8,1100,20240824,1050,50
松屋,茨城県,松屋 つくば西大通り店/マイカリー食堂 つくば西大通り店,茨城県つくば市春日4-1-5,1100,20240824,1050,50
松屋,茨城県,松屋 つくば東大通店,茨城県つくば市妻木1768-1,1100,20240824,1050,50
松屋,東京都,松屋 ときわ台店,東京都板橋区常盤台1-2-5,1200,20240824,1150,50
松屋,茨城県,松屋 ひたちなか店,茨城県ひたちなか市市毛字原坪894-36,1100,20240824,1050,50
松屋,茨城県,松屋 阿見店/松のや 阿見店,茨城県稲敷郡阿見町荒川本郷2033番178他,1080,20240824,1000,80
松屋,茨城県,松屋 茨城東海店/松のや 茨城東海店,茨城県那珂郡東海村東海1-2-50,1100,20240824,1000,100
松屋,東京都,松屋 下赤塚店,東京都板橋区赤塚1-7-2,1200,20240824,1150,50
松屋,東京都,松屋 下板橋店,東京都豊島区池袋本町3-25-13,1200,20240824,1150,50
松屋,東京都,松屋 花小金井駅前店,東京都小平市花小金井1-8-6大沢ビル(ビックアロービル),1200,20240824,1150,50
松屋,秋田県,松屋 花輪SA（下り線）店,秋田県鹿角市花輪字火付け附森65-3,950,20240824,930,20
松屋,秋田県,松屋 花輪SA（上り線）店,秋田県鹿角市花輪張渡11-24,950,20240824,930,20
松屋,千葉県,松屋 我孫子若松店,千葉県我孫子市若松140-1,1150,20240824,1100,50
松屋,千葉県,松屋 鎌ヶ谷店,千葉県鎌ケ谷市東初富4-2-83,1150,20240824,1100,50
松屋,茨城県,松屋 牛久店,茨城県牛久市田宮町41-1,1100,20240824,1050,50
松屋,青森県,松屋 弘前高田店/松のや 弘前高田店,青森県弘前市大字高田1-3-1,1000,20240824,950,50
松屋,神奈川,松屋 溝の口店,神奈川県川崎市高津区溝の口1-18-7 澤木ビル1F,1300,20240824,1250,50
松屋,神奈川,松屋 溝の口南口店,神奈川県川崎市高津区久本1-4-10 TKBビル,1300,20240824,1250,50
松屋,神奈川,松屋 鷺沼店,神奈川県川崎市宮前区鷺沼1-11-6 鷺沼第一ビル,1200,20240824,1140,60
松屋,茨城県,松屋 取手店,茨城県取手市取手3-1-2,1100,20240824,1050,50
松屋,千葉県,松屋 初石店,千葉県流山市西初石3-100-19,1200,20240824,1150,50
松屋,千葉県,松屋 松戸松飛台店,千葉県松戸市松飛台259-5,1150,20240824,1100,50
松屋,山形県,松屋 上山店,山形県上山市仙石字梅ノ木774-1,1000,20240824,930,70
松屋,東京都,松屋 上石神井店,東京都練馬区上石神井2-25-5 栄ビル 1F,1200,20240824,1150,50
松屋,東京都,松屋 上板橋店,東京都板橋区常盤台4-33-13,1200,20240824,1150,50
松屋,千葉県,松屋 新鎌ヶ谷店,千葉県鎌ケ谷市新鎌ヶ谷1-13-3,1150,20240824,1100,50
松屋,東京都,松屋 清瀬店/松のや 清瀬店/マイカリー食堂 清瀬店,東京都清瀬市松山1-9-4,1200,20240824,1150,50
松屋,東京都,松屋 清瀬野塩店/マイカリー食堂 清瀬野塩店,東京都清瀬市野塩4-224-1,1200,20240824,1150,50
松屋,岩手県,松屋 盛岡アイーナ店,岩手県盛岡市盛岡駅西通1-7-1 いわて県民情報交流センター,1000,20240824,950,50
松屋,岩手県,松屋 盛岡駅前通店,岩手県盛岡市盛岡駅前通9-9,1000,20240824,950,50
松屋,岩手県,松屋 盛岡大通店,岩手県盛岡市大通1-7-5,1000,20240824,950,50
松屋,東京都,松屋 西武柳沢店,東京都西東京市柳沢6-1-2タイエイビル102,1200,20240824,1150,50
松屋,千葉県,松屋 千葉我孫子店,千葉県我孫子市本町2-3-2,1150,20240824,1100,50
松屋,東京都,松屋 大山店,東京都板橋区大山東町58-2,1200,20240824,1150,50
松屋,東京都,松屋 中板橋店,東京都板橋区中板橋21-2,1200,20240824,1150,50
松屋,東京都,松屋 田無駅前店,東京都西東京市田無町4-2-12 A2ビル1階,1200,20240824,1150,50
松屋,茨城県,松屋 土浦真鍋店,茨城県土浦市真鍋1-12-9,1080,20240824,1000,80
松屋,東京都,松屋 東久留米店/マイカリー食堂 東久留米店,東京都東久留米市東本町1-8,1200,20240824,1150,50
松屋,東京都,松屋 東久留米南町店,東京都東久留米市南町4-1-8,1200,20240824,1150,50
松屋,神奈川,松屋 東神奈川店,神奈川県横浜市神奈川区西神奈川1-20-4 加賀ビル,1200,20240824,1140,60
松屋,東京都,松屋 東武練馬店,東京都板橋区徳丸3-1-26,1200,20240824,1150,50
松屋,東京都,松屋 東伏見店,東京都西東京市東伏見2-4-6高橋イーストビル,1200,20240824,1150,50
松屋,千葉県,松屋 南柏店,千葉県柏市南柏1-2-4,1150,20240824,1100,50
松屋,茨城県,松屋 日立桜川町店,茨城県日立市桜川町2-4-12,1080,20240824,1000,80
松屋,茨城県,松屋 日立鹿島町店/松のや 日立鹿島町店,茨城県日立市鹿島町2-6-12,1080,20240824,1000,80
松屋,千葉県,松屋 柏中央町店,千葉県柏市中央町2番8号,1250,20240824,1200,50
松屋,神奈川,松屋 白楽店,神奈川県横浜市神奈川区白楽118,1200,20240824,1140,60
松屋,東京都,松屋 武蔵関店,東京都練馬区関町北2-27-13 下田ビル1F,1200,20240824,1150,50
松屋,千葉県,松屋 北小金店,千葉県松戸市小金きよしヶ丘3-20-5,1200,20240824,1150,50
松屋,福島県,松屋 本内店,福島県福島市本内字松川畑2-2,980,20240824,930,50
松屋,千葉県,松屋 野田店/松のや 野田店,千葉県野田市宮崎130-4,1200,20240824,1150,50
松屋,東京都,松屋 練馬高野台店,東京都練馬区高野台1‐7‐20プレステビル1F,1200,20240824,1150,50
