松屋,東京都,マイカリー食堂 上野店,東京都台東区上野7-4-7,1300,20230916,1200,100
松屋,長野県,松のや 上田店/マイカリー食堂 摂津富田店,長野県上田市国分1-9-8,1050,20230916,1000,50
松屋,神奈川,松屋 さがみ野店,神奈川県海老名市東柏ヶ谷2-30-24,1150,20230916,1100,50
松屋,神奈川,松屋 綾瀬小園店,神奈川県綾瀬市小園923-2,1150,20230916,1100,50
松屋,神奈川,松屋 伊勢原店,神奈川県伊勢原市桜台1-2-30 三協ビル,1150,20230916,1100,50
松屋,神奈川,松屋 伊勢佐木町2丁目店,神奈川県横浜市中区伊勢佐木町2-76-2 キヨビル1F,1150,20230916,1100,50
松屋,神奈川,松屋 井土ヶ谷店,神奈川県横浜市南区井土ヶ谷中町161,1150,20230916,1100,50
松屋,神奈川,松屋 磯子店,神奈川県横浜市磯子区森1-7-3,1150,20230916,1100,50
松屋,東京都,松屋 稲城矢野口店,東京都稲城市矢野口517-2,1150,20230916,1100,50
松屋,神奈川,松屋 稲田堤店/マイカリー食堂 稲田堤店,神奈川県川崎市多摩区菅2-1-1,1150,20230916,1100,50
松屋,東京都,松屋 羽村店,東京都羽村市五ノ神4-15-11 シティープラザはむら1F,1150,20230916,1100,50
松屋,神奈川,松屋 横須賀中央駅前店,神奈川県横須賀市若松町1-7-5,1150,20230916,1100,50
松屋,神奈川,松屋 横須賀中央店,神奈川県横須賀市大滝町2-23 三笠ビル,1150,20230916,1100,50
松屋,京都府,松屋 河原町店,京都府京都市中京区河原町通蛸薬師上る奈良屋町305番地,1150,20230916,1060,90
松屋,神奈川,松屋 茅ケ崎赤松町店/松のや 茅ケ崎赤松町店,神奈川県茅ヶ崎市赤松町1-5,1150,20230916,1100,50
松屋,神奈川,松屋 茅ヶ崎店,神奈川県茅ヶ崎市新栄町8-8 コジマビル1F,1150,20230916,1071,79
松屋,神奈川,松屋 寒川倉見店/松のや 寒川倉見店,神奈川県高座郡寒川町倉見849-3,1150,20230916,1100,50
松屋,埼玉県,松屋 吉川店,埼玉県吉川市木売1-4-11,1050,20230916,1000,50
松屋,神奈川,松屋 京急久里浜店,神奈川県横須賀市久里浜4-5-2 久里浜ロマンビル,1150,20230916,1100,50
松屋,京都府,松屋 京都三条店,京都府京都市中京区三条通河原町東入中島町97,1150,20230916,1060,90
松屋,埼玉県,松屋 狭山根岸店,埼玉県狭山市根岸1-8-34,1050,20230916,1000,50
松屋,埼玉県,松屋 狭山市駅前店,埼玉県狭山市入間川1-3-2,1050,20230916,1030,20
松屋,東京都,松屋 玉川学園前店,東京都町田市玉川学園2-11-21第17通南ビル,1150,20230916,1100,50
松屋,神奈川,松屋 金沢八景店/マイカリー食堂 金沢八景店,神奈川県横浜市金沢区瀬戸16-38,1150,20230916,1100,50
松屋,福島県,松屋 郡山駅前店,福島県郡山市駅前2-3-9 東京萬ビル,930,20230916,920,10
松屋,福島県,松屋 郡山芳賀店,福島県郡山市芳賀3-1-23,930,20230916,920,10
松屋,京都府,松屋 桂店,京都府京都市西京区樫原盆山16-1,1100,20230916,1000,100
松屋,神奈川,松屋 古淵店,神奈川県相模原市南区古淵1-7-1,1150,20230916,1100,50
松屋,神奈川,松屋 戸塚店,神奈川県横浜市戸塚区戸塚町16-16,1200,20230916,1150,50
松屋,神奈川,松屋 厚木戸田店,神奈川県厚木市戸田540-1,1150,20230916,1100,50
松屋,神奈川,松屋 厚木店,神奈川県厚木市田村町7-20,1150,20230916,1100,50
松屋,神奈川,松屋 港南台店,神奈川県横浜市港南区港南台4-1-1,1150,20230916,1100,50
松屋,埼玉県,松屋 高坂店,埼玉県東松山市元宿1-11-2 松田ビル,1030,20230916,1000,30
松屋,神奈川,松屋 座間立野台店,神奈川県座間市立野台2-20-3,1150,20230916,1100,50
松屋,埼玉県,松屋 坂戸店,埼玉県坂戸市南町34-5,1030,20230916,1000,30
松屋,東京都,松屋 桜美林学園店,東京都町田市根岸町1010-6,1150,20230916,1100,50
松屋,京都府,松屋 山科店,京都府京都市山科区安朱中小路町3-2,1040,20230916,1030,10
松屋,京都府,松屋 四条烏丸店,京都府京都市下京区烏丸通仏光寺下る大政所町677番地,1150,20230916,1050,100
松屋,埼玉県,松屋 所沢若狭店,埼玉県所沢市若狭4-2453-1,1050,20230916,1000,50
松屋,埼玉県,松屋 所沢上安松店,埼玉県所沢市大字上安松822-44,1050,20230916,1000,50
松屋,東京都,松屋 小田急永山店,東京都多摩市永山1-18-2 小田急マルシェ永山,1150,20230916,1100,50
松屋,神奈川,松屋 小田急相模原西口店,神奈川県相模原市南区相模台2-4-6 K-フィネッサ,1150,20230916,1100,50
松屋,神奈川,松屋 小田急相模原店,神奈川県相模原市南区松が枝町24-6,1150,20230916,1100,50
松屋,神奈川,松屋 小田原酒匂店,神奈川県小田原市西酒匂1-9-3,1150,20230916,1100,50
松屋,神奈川,松屋 小田原店,神奈川県小田原市栄町2-8-33 岩下第1ビル,1150,20230916,1100,50
松屋,東京都,松屋 昭島松原町店,東京都昭島市松原町1-6-13 AGスクウェアビル1F,1150,20230916,1100,50
松屋,埼玉県,松屋 松原団地店,埼玉県草加市栄町3-1-9,1050,20230916,1000,50
松屋,神奈川,松屋 湘南台店,神奈川県藤沢市湘南台2-5-9,1150,20230916,1100,50
松屋,神奈川,松屋 上溝店/松のや 上溝店,神奈川県相模原市中央区上溝3-16-1,1200,20230916,1100,100
松屋,神奈川,松屋 上大岡駅前店,神奈川県横浜市港南区上大岡西1-16-15,1200,20230916,1100,100
松屋,神奈川,松屋 上大岡店,神奈川県横浜市港南区上大岡西2-1-19,1200,20230916,1100,100
松屋,神奈川,松屋 上鶴間店,神奈川県相模原市南区上鶴間本町5丁目1番2号,1200,20230916,1100,100
松屋,福島県,松屋 城清水店,福島県郡山市南1-2,930,20230916,920,10
松屋,埼玉県,松屋 新所沢東口店,埼玉県所沢市松葉町10-15,1050,20230916,1000,50
松屋,神奈川,松屋 新杉田店,神奈川県横浜市磯子区新杉田町3-1,1150,20230916,1100,50
松屋,神奈川,松屋 秦野店,神奈川県秦野市大秦町1-4 鈴よしビル1F,1115,20230916,1100,15
松屋,神奈川,松屋 逗子店,神奈川県逗子市逗子2-6-29,1150,20230916,1100,50
松屋,神奈川,松屋 瀬谷店/マイカリー食堂 瀬谷店,神奈川県横浜市瀬谷区中央1-6,1150,20230916,1100,50
松屋,東京都,松屋 聖蹟桜ヶ丘店,東京都多摩市関戸2-39-10,1150,20230916,1100,50
松屋,埼玉県,松屋 川越インター店,埼玉県川越市広栄町6-6,1100,20230916,1050,50
松屋,神奈川,松屋 川崎枡形店,神奈川県川崎市多摩区枡形1-5-9,1150,20230916,1100,50
松屋,千葉県,松屋 船橋南口店,千葉県船橋市本町1-3-1 フェイスビル1F-0108,1150,20230916,1100,50
松屋,千葉県,松屋 船橋北口店,千葉県船橋市本町6-6-4 北口スクエアビル ,1150,20230916,1100,50
松屋,神奈川,松屋 相模原相原店/松のや 相模原相原店,神奈川県相模原市緑区相原5-13-4,1200,20230916,1150,50
松屋,神奈川,松屋 相模原中央店,神奈川県相模原市中央区中央1-10-15,1150,20230916,1100,50
松屋,神奈川,松屋 相模大野店,神奈川県相模原市南区相模大野3-2-1 ボーノ相模大野ノースモール1階,1150,20230916,1100,50
松屋,埼玉県,松屋 草加清門町店,埼玉県草加市清門1丁目423-1,1050,20230916,1000,50
松屋,東京都,松屋 多摩ニュータウン店,東京都八王子市松木33-3,1150,20230916,1100,50
松屋,東京都,松屋 多摩愛宕店,東京都多摩市愛宕4-7-3,1150,20230916,1100,50
松屋,神奈川,松屋 大船駅前店,神奈川県鎌倉市大船1-12-23,1150,20230916,1100,50
松屋,神奈川,松屋 大船店,神奈川県鎌倉市大船1-25-23,1150,20230916,1100,50
松屋,神奈川,松屋 大和渋谷店,神奈川県大和市渋谷5-4-1,1150,20230916,1100,50
松屋,神奈川,松屋 大和店,神奈川県大和市大和南1-3-4 登喜和ビル1F,1150,20230916,1100,50
松屋,東京都,松屋 中河原店,東京都府中市住吉町2-2-2,1150,20230916,1100,50
松屋,神奈川,松屋 中野島店/マイカリー食堂 中野島店,神奈川県川崎市多摩区中野島1-9-2,1150,20230916,1100,50
松屋,東京都,松屋 町田中町店,東京都町田市中町2-16-6,1200,20230916,1100,100
松屋,東京都,松屋 町田店,東京都町田市原町田4-4-15,1200,20230916,1100,100
松屋,神奈川,松屋 長後店,神奈川県藤沢市下土棚509-10,1150,20230916,1100,50
松屋,神奈川,松屋 追浜店,神奈川県横須賀市追浜町3-13-13,1150,20230916,1100,50
松屋,埼玉県,松屋 鶴ヶ島店,埼玉県川越市鯨井新田1-18 細田ビル,1030,20230916,1000,30
松屋,神奈川,松屋 鶴ヶ峰店,神奈川県横浜市旭区鶴ヶ峰1-12-3,1150,20230916,1100,50
松屋,神奈川,松屋 鶴間店,神奈川県大和市西鶴間1-2-9 TSURUMA017,1150,20230916,1100,50
松屋,東京都,松屋 鶴川店,東京都町田市能ケ谷1-5-2 apple studio 1F,1150,20230916,1100,50
松屋,東京都,松屋 帝京大学前店,東京都八王子市大塚131-8,1150,20230916,1100,50
松屋,神奈川,松屋 天王町店,神奈川県横浜市保土ケ谷区天王町2-47-7,1150,20230916,1100,50
松屋,神奈川,松屋 東戸塚西口店,神奈川県横浜市戸塚区川上町90-1,1150,20230916,1100,50
松屋,神奈川,松屋 東戸塚東口店,神奈川県横浜市戸塚区品濃町538-7,1150,20230916,1071,79
松屋,京都府,松屋 東寺店,京都府京都市南区西九条開ヶ町101-2,1100,20230916,1070,30
松屋,埼玉県,松屋 東松山店,埼玉県東松山市箭弓町1-12-8 大谷ビル,1030,20230916,1000,30
松屋,埼玉県,松屋 東武霞ヶ関店,埼玉県川越市霞ヶ関東1-2-22,1030,20230916,1000,30
松屋,神奈川,松屋 藤沢石川店,神奈川県藤沢市石川2-1-1 セレーノ湘南1F,1150,20230916,1100,50
松屋,神奈川,松屋 藤沢南口店,神奈川県藤沢市南藤沢2-10 ワカバビル1F,1200,20230916,1100,100
松屋,神奈川,松屋 藤沢北口店,神奈川県藤沢市藤沢462番地 吉塚ビル1F,1200,20230916,1100,100
松屋,東京都,松屋 南大沢店,東京都八王子市南大沢2丁目29番地,1150,20230916,1100,50
松屋,神奈川,松屋 南林間店,神奈川県大和市南林間1-8-1,1150,20230916,1100,50
松屋,神奈川,松屋 二俣川店,神奈川県横浜市旭区二俣川1-45-18,1150,20230916,1100,50
松屋,東京都,松屋 日野三沢店,東京都日野市三沢1-19-2,1150,20230916,1100,50
松屋,埼玉県,松屋 入間店/松のや 入間店,埼玉県入間市宮寺3186-9,1100,20230916,1030,70
松屋,埼玉県,松屋 入間東藤沢店/松のや 入間東藤沢店,埼玉県入間市東藤沢4-2-17,1100,20230916,1000,100
松屋,埼玉県,松屋 飯能双柳店,埼玉県飯能市双柳757-4,1050,20230916,1000,50
松屋,東京都,松屋 福生志茂店,東京都福生市志茂36-4,1150,20230916,1100,50
松屋,東京都,松屋 福生店,東京都福生市東町3-10 栄和ビル1F,1150,20230916,1100,50
松屋,神奈川,松屋 淵野辺店,神奈川県相模原市中央区鹿沼台2-18-6,1200,20230916,1100,100
松屋,神奈川,松屋 淵野辺北口店,神奈川県相模原市中央区淵野辺3-19-9,1150,20230916,1100,50
松屋,東京都,松屋 分倍河原店,東京都府中市片町2-22-1 山ニビル,1150,20230916,1100,50
松屋,神奈川,松屋 平塚店,神奈川県平塚市紅谷町4-2 1F,1150,20230916,1100,50
松屋,神奈川,松屋 平塚北金目店,神奈川県平塚市北金目2-4-33,1150,20230916,1100,50
松屋,神奈川,松屋 保土ヶ谷店,神奈川県横浜市保土ケ谷区岩井町4,1150,20230916,1100,50
松屋,埼玉県,松屋 北越谷店,埼玉県越谷市大沢3-4-26 Fine北越谷,1050,20230916,1000,50
松屋,東京都,松屋 北野店,東京都八王子市北野町546-2 横溝ビル,1150,20230916,1100,50
松屋,神奈川,松屋 本厚木店,神奈川県厚木市中町2-4-16 トキワヤビル1F,1150,20230916,1100,50
松屋,福島県,松屋 本内店,福島県福島市本内字松川畑2-2,930,20230916,920,10
松屋,神奈川,松屋 麻溝台店,神奈川県相模原市南区麻溝台1-5-6,1150,20230916,1100,50
松屋,神奈川,松屋 踊場店,神奈川県横浜市泉区中田南1-2-12,1150,20230916,1100,50
すき家,秋田県,すき家 105号大仙北長野店,秋田県大仙市北長野字道ノ下117-1,950,20230916,900,50
すき家,長野県,すき家 117号飯山店,長野県飯山市静間2085-1,1030,20230916,1000,30
すき家,茨城県,すき家 118号常陸大宮泉店,茨城県常陸大宮市泉字中村田462-6,1050,20230916,1000,50
すき家,神奈川,すき家 129号厚木山際店,神奈川県厚木市山際281-1,1150,20230916,1090,60
すき家,神奈川,すき家 129号平塚四之宮店,神奈川県平塚市東真土2-5-53,1150,20230916,1090,60
すき家,北海道,すき家 12号岩見沢店,北海道岩見沢市九条西10-1-39,1000,20230916,960,40
すき家,北海道,すき家 12号江別野幌店,北海道江別市野幌町48-4,1000,20230916,960,40
すき家,北海道,すき家 12号滝川東町店,北海道滝川市東町2-42-7,1020,20230916,1000,20
すき家,北海道,すき家 12号美唄店,北海道美唄市大通東一条南6丁目1-1,1000,20230916,960,40
すき家,神奈川,すき家 134号横須賀池田店,神奈川県横須賀市池田町5-14-12,1130,20230916,1090,40
すき家,静岡県,すき家 135号下田店,静岡県下田市柿崎字間戸浜6-22,1200,20230916,1100,100
すき家,静岡県,すき家 136号伊豆の国大仁店,静岡県伊豆の国市吉田363-4,1080,20230916,1030,50
すき家,静岡県,すき家 136号三島店,静岡県三島市安久146-3,1050,20230916,1030,20
すき家,山梨県,すき家 139号都留桂店,山梨県都留市桂町876-1,1000,20230916,950,50
すき家,山形県,すき家 13号尾花沢店,山形県尾花沢市大字尾花沢下新田1731-2,950,20230916,930,20
すき家,長野県,すき家 152号茅野店,長野県茅野市本町東5291-1,1030,20230916,1000,30
すき家,長野県,すき家 153号伊那店,長野県伊那市山寺282-1,1050,20230916,1000,50
すき家,長野県,すき家 153号飯田IC店,長野県飯田市上殿岡576-1,1080,20230916,1030,50
すき家,石川県,すき家 159号かほく店,石川県かほく市内日角6-1-1,1050,20230916,1000,50
すき家,大阪府,すき家 163号門真殿島店,大阪府門真市殿島町7-13,1100,20230916,1050,50
すき家,神奈川,すき家 16号横須賀安浦店,神奈川県横須賀市安浦町3-24-3,1130,20230916,1120,10
すき家,埼玉県,すき家 16号見沼深作店,埼玉県さいたま市見沼区深作2-29-14,1100,20230916,1050,50
すき家,埼玉県,すき家 16号上尾瓦葺店,埼玉県上尾市瓦葺708-1,1100,20230916,1050,50
すき家,神奈川,すき家 16号相模原橋本店,神奈川県相模原市緑区橋本2-22-18,1120,20230916,1090,30
すき家,大阪府,すき家 170号羽曳野西浦店,大阪府羽曳野市西浦3-2-1,1100,20230916,1050,50
すき家,大阪府,すき家 170号熊取店,大阪府泉南郡熊取町紺屋2-5-5,1100,20230916,1050,50
すき家,大阪府,すき家 170号寝屋川高宮店,大阪府寝屋川市高宮1-10-27,1100,20230916,1050,50
すき家,大阪府,すき家 171号箕面今宮店,大阪府箕面市今宮2-3-1,1100,20230916,1050,50
すき家,大阪府,すき家 171号箕面牧落店,大阪府箕面市牧落3-20-30,1100,20230916,1050,50
すき家,新潟県,すき家 17号魚沼店,新潟県魚沼市井口新田277-1,1030,20230916,960,70
すき家,群馬県,すき家 17号沼田店,群馬県沼田市硯田町590-5,1080,20230916,1000,80
すき家,埼玉県,すき家 17号本庄店,埼玉県本庄市本庄4-7-11,1080,20230916,1050,30
すき家,長野県,すき家 19号塩尻広丘店,長野県塩尻市広丘野村1503-1,1050,20230916,1000,50
すき家,長野県,すき家 19号松本高宮店,長野県松本市高宮東1-25,1050,20230916,1030,20
すき家,長野県,すき家 19号松本村井店,長野県松本市村井町北2-8-45,1050,20230916,1030,20
すき家,神奈川,すき家 1国茅ヶ崎十間坂店,神奈川県茅ヶ崎市十間坂3-2-2,1130,20230916,1100,30
すき家,静岡県,すき家 1国三島谷田店,静岡県三島市谷田60-1,1080,20230916,1030,50
すき家,大阪府,すき家 1国城東関目店,大阪府大阪市城東区関目5-3-3,1100,20230916,1050,50
すき家,神奈川,すき家 1国藤沢辻堂店,神奈川県藤沢市辻堂神台2-8-17,1150,20230916,1100,50
すき家,大阪府,すき家 1国枚方北中振店,大阪府枚方市北中振4-10-5,1100,20230916,1050,50
すき家,福岡県,すき家 202号福岡周船寺店,福岡県福岡市西区周船寺1-13-8,950,20230916,930,20
すき家,山梨県,すき家 20号甲斐竜王店,山梨県甲斐市富竹新田1279-1,1050,20230916,1000,50
すき家,山梨県,すき家 20号甲府向町店,山梨県甲府市向町729-1,1030,20230916,1000,30
すき家,山梨県,すき家 20号笛吹一宮店,山梨県笛吹市一宮町東原25-1,1030,20230916,1000,30
すき家,北海道,すき家 228号北斗七重浜店,北海道北斗市七重浜7-2-1,1000,20230916,980,20
すき家,北海道,すき家 231号留萌店,北海道留萌市旭町2-1-1,1000,20230916,960,40
すき家,北海道,すき家 235号静内店,北海道日高郡新ひだか町静内末広町2-1-20,1040,20230916,1000,40
すき家,北海道,すき家 238号紋別店,北海道紋別市落石町4-13-13,1200,20230916,1130,70
すき家,神奈川,すき家 246号伊勢原白根店,神奈川県伊勢原市白根95-1,1130,20230916,1090,40
すき家,神奈川,すき家 246号秦野渋沢店,神奈川県秦野市並木町188-1,1130,20230916,1090,40
すき家,埼玉県,すき家 254号本庄児玉店,埼玉県本庄市児玉町吉田林397-3,1080,20230916,1050,30
すき家,神奈川,すき家 255号小田原成田店,神奈川県小田原市成田408-1,1180,20230916,1110,70
すき家,神奈川,すき家 255号大井松田店,神奈川県足柄上郡大井町金子1627-1,1180,20230916,1110,70
すき家,大阪府,すき家 25号八尾永畑店,大阪府八尾市永畑町1-2-58,1100,20230916,1050,50
すき家,大阪府,すき家 25号平野加美西店,大阪府大阪市平野区加美西1-6-16,1100,20230916,1050,50
すき家,福岡県,すき家 263号福岡野芥店,福岡県福岡市早良区野芥4-45-5,980,20230916,950,30
すき家,大阪府,すき家 26号岸和田下池田店,大阪府岸和田市下池田町1-2-3,1100,20230916,1050,50
すき家,大阪府,すき家 26号高石店,大阪府高石市西取石7-11-1,1100,20230916,1050,50
すき家,大阪府,すき家 26号堺山本店,大阪府堺市堺区山本町3-78,1100,20230916,1050,50
すき家,大阪府,すき家 26号西住之江店,大阪府大阪市住之江区西住之江1-9-21,1100,20230916,1050,50
すき家,大阪府,すき家 26号泉佐野鶴原店,大阪府泉佐野市鶴原1855-3,1100,20230916,1050,50
すき家,大阪府,すき家 26号泉大津店,大阪府泉大津市北豊中町2-17-24,1100,20230916,1050,50
すき家,岩手県,すき家 283号遠野店,岩手県遠野市早瀬町4-7-36,970,20230916,950,20
すき家,福島県,すき家 288号田村店,福島県田村市船引町船引字舘柄前89-1,980,20230916,950,30
すき家,長野県,すき家 292号中野店,長野県中野市一本木319-3,1030,20230916,1000,30
すき家,石川県,すき家 305号小松今江店,石川県小松市今江町3-700,1050,20230916,1030,20
すき家,大阪府,すき家 307号枚方津田西店,大阪府枚方市津田西町1-2-1,1100,20230916,1050,50
すき家,大阪府,すき家 309号堺黒山店,大阪府堺市美原区黒山168-1,1100,20230916,1050,50
すき家,大阪府,すき家 310号堺大野芝店,大阪府堺市中区大野芝町209-1,1100,20230916,1050,50
すき家,大阪府,すき家 310号大阪狭山店,大阪府大阪狭山市東茱萸木1-691-1,1100,20230916,1050,50
すき家,群馬県,すき家 354号邑楽店,群馬県邑楽郡邑楽町狸塚字高原357-1,1050,20230916,1000,50
すき家,北海道,すき家 36号清田里塚店,北海道札幌市清田区里塚一条3-2-10,1020,20230916,1000,20
すき家,北海道,すき家 36号苫小牧日吉店,北海道苫小牧市日吉町1-1-5,1020,20230916,960,60
すき家,北海道,すき家 36号苫小牧明野店,北海道苫小牧市明野新町2-1-4,1020,20230916,1000,20
すき家,秋田県,すき家 398号湯沢沖鶴店,秋田県湯沢市沖鶴234-1,950,20230916,900,50
すき家,北海道,すき家 39号北見三輪店,北海道北見市東三輪2-831-4,1020,20230916,1000,20
すき家,北海道,すき家 39号北見大町店,北海道北見市大町21-1,1000,20230916,980,20
すき家,北海道,すき家 39号網走新町店,北海道網走市新町2-3-5,1050,20230916,1000,50
すき家,新潟県,すき家 403号加茂店,新潟県加茂市番田5-20,1000,20230916,950,50
すき家,北海道,すき家 40号稚内大黒店,北海道稚内市大黒2-6-24,1300,20230916,1150,150
すき家,北海道,すき家 40号名寄店,北海道名寄市西四条南10-56-1,1000,20230916,960,40
すき家,神奈川,すき家 412号厚木中荻野店,神奈川県厚木市中荻野580-1,1120,20230916,1090,30
すき家,神奈川,すき家 412号厚木林店,神奈川県厚木市林4-12-34,1130,20230916,1090,40
すき家,神奈川,すき家 413号津久井三ケ木店,神奈川県相模原市緑区三ケ木405-1,1130,20230916,1090,40
すき家,静岡県,すき家 414号沼津三枚橋店,静岡県沼津市三枚橋町10-1,1080,20230916,1030,50
すき家,富山県,すき家 41号大沢野店,富山県富山市上大久保1052-1,1080,20230916,1030,50
すき家,和歌山,すき家 42号新宮神倉店,和歌山県新宮市神倉3-1291-1,1100,20230916,1050,50
すき家,北海道,すき家 44号根室店,北海道根室市西浜町8-92-1,1020,20230916,1000,20
すき家,青森県,すき家 45号おいらせ店,青森県上北郡おいらせ町菜飯52-4,980,20230916,950,30
すき家,青森県,すき家 45号八戸城下店,青森県八戸市城下4-14-14,950,20230916,920,30
すき家,青森県,すき家 45号八戸類家店,青森県八戸市類家5-11-5,940,20230916,920,20
すき家,栃木県,すき家 461号大田原美原店,栃木県大田原市美原1-1-6,1000,20230916,980,20
すき家,神奈川,すき家 467号藤沢長後店,神奈川県藤沢市長後754-1,1130,20230916,1100,30
すき家,新潟県,すき家 49号阿賀野水原店,新潟県阿賀野市庄ヶ宮679-1,1000,20230916,950,50
すき家,埼玉県,すき家 4号越谷大間野店,埼玉県越谷市大間野町2-207-4,1100,20230916,1050,50
すき家,埼玉県,すき家 4号春日部備後店,埼玉県春日部市備後東5-11-17,1100,20230916,1050,50
すき家,埼玉県,すき家 4号杉戸堤根店,埼玉県北葛飾郡杉戸町堤根4024-1,1100,20230916,1050,50
すき家,岩手県,すき家 4号二戸店,岩手県二戸市米沢字下村6-1,960,20230916,900,60
すき家,栃木県,すき家 4号矢板店,栃木県矢板市中691-1,1000,20230916,980,20
すき家,茨城県,すき家 51号水戸大洗IC店,茨城県水戸市大串町965-3,1050,20230916,1000,50
すき家,山梨県,すき家 52号甲府宝店,山梨県甲府市宝2-25-8,1030,20230916,1000,30
すき家,北海道,すき家 5号函館亀田店,北海道函館市亀田町17-11,1000,20230916,980,20
すき家,茨城県,すき家 6号水戸住吉店,茨城県水戸市住吉町47-1,1050,20230916,1000,50
すき家,青森県,すき家 7号弘前高崎店,青森県弘前市大字高崎字広田115-2,950,20230916,920,30
すき家,山形県,すき家 7号酒田こあら店,山形県酒田市こあら二丁目1-1,1100,20230916,1080,20
すき家,秋田県,すき家 7号秋田土崎店,秋田県秋田市土崎港相染町字大谷地36-4,960,20230916,930,30
すき家,新潟県,すき家 7号新発田中曽根店,新潟県新発田市中曽根町3-10-12,1000,20230916,950,50
すき家,新潟県,すき家 7号胎内店,新潟県胎内市大川町15-33,1000,20230916,950,50
すき家,秋田県,すき家 7号大館店,秋田県大館市根下戸新町9-25,970,20230916,950,20
すき家,石川県,すき家 8号加賀加茂店,石川県加賀市加茂町チ65-1,1050,20230916,1030,20
すき家,富山県,すき家 8号高岡北島店,富山県高岡市北島婦計459-2,1080,20230916,1050,30
すき家,新潟県,すき家 8号糸魚川寺島店,新潟県糸魚川市寺島3-2-34,1030,20230916,1000,30
すき家,新潟県,すき家 8号上越下荒浜店,新潟県上越市大字下荒浜字大谷内横田346-1,1030,20230916,1000,30
すき家,兵庫県,すき家 JR神戸駅北店,兵庫県神戸市中央区多聞通2-4-4神戸ブックローンビル東館1F,1050,20230916,1030,20
すき家,大阪府,すき家 なんば楽座店,大阪府大阪市中央区難波4-3-19,1180,20230916,1120,60
すき家,大阪府,すき家 なんば千日前店,大阪府大阪市中央区難波千日前11-20遊企画ビル1階,1200,20230916,1120,80
すき家,大阪府,すき家 はびきの伊賀店,大阪府羽曳野市伊賀4-5-6,1100,20230916,1050,50
すき家,神奈川,すき家 アクロスプラザ湯河原店,神奈川県足柄下郡湯河原町中央1-1617-54,1180,20230916,1090,90
すき家,茨城県,すき家 イーアスつくば店,茨城県つくば市研究学園5-19イーアスつくばショッピングセンター3F,1050,20230916,1000,50
すき家,北海道,すき家 イオンモール旭川西店,北海道旭川市緑町23-2161-3,1020,20230916,1000,20
すき家,大阪府,すき家 イオンモール茨木店,大阪府茨木市松ヶ本町8-30-3イオン茨木店1F,1100,20230916,1050,50
すき家,新潟県,すき家 イオンモール新潟南店,新潟県新潟市江南区下早通柳田1-1-1,1030,20230916,1000,30
すき家,北海道,すき家 イオンモール発寒店,北海道札幌市西区発寒八条12-1-1,1000,20230916,980,20
すき家,埼玉県,すき家 イオンモール北戸田店,埼玉県戸田市美女木東1-3-1,1080,20230916,1020,60
すき家,神奈川,すき家 イオン金沢八景店,神奈川県横浜市金沢区泥亀1-27-1イオン金沢八景地下1Fフードコート内,1150,20230916,1090,60
すき家,神奈川,すき家 イオン秦野店,神奈川県秦野市入船町12-1,1130,20230916,1090,40
すき家,埼玉県,すき家 イトーヨーカドー三郷店,埼玉県三郷市ピアラシティ1-1-1イトーヨーカドー三郷1F,1100,20230916,1050,50
すき家,福島県,すき家 ザ・モール郡山店,福島県郡山市長者1-1-56,980,20230916,900,80
すき家,山梨県,すき家 フォレストモール富士川店,山梨県南巨摩郡富士川町青柳町973-1,1050,20230916,1000,50
すき家,大阪府,すき家 阿倍野店,大阪府大阪市阿倍野区阿倍野筋2-4-49アベニュ-ホ-ル1F,1120,20230916,1050,70
すき家,北海道,すき家 旭川永山店,北海道旭川市永山六条5-77-54,1020,20230916,1000,20
すき家,北海道,すき家 旭川神居店,北海道旭川市神居2条1-1-17,1020,20230916,1000,20
すき家,北海道,すき家 旭川豊岡店,北海道旭川市豊岡十四条6-8-15,1020,20230916,1000,20
すき家,神奈川,すき家 伊勢原桜台店,神奈川県伊勢原市桜台2-13-14,1120,20230916,1090,30
すき家,兵庫県,すき家 伊丹瑞穂店,兵庫県伊丹市瑞穂町2-21,1050,20230916,1030,20
すき家,兵庫県,すき家 伊丹野間店,兵庫県伊丹市南野北5-3-28,1050,20230916,1030,20
すき家,静岡県,すき家 伊東桜木店,静岡県伊東市桜木町1-3-18,1080,20230916,1030,50
すき家,大阪府,すき家 茨木IC店,大阪府茨木市郡4-11-36,1100,20230916,1050,50
すき家,大阪府,すき家 茨木中穂積店,大阪府茨木市中穂積2-10-8,1100,20230916,1050,50
すき家,石川県,すき家 羽咋石野町店,石川県羽咋市石野町イ54-1,1080,20230916,1000,80
すき家,長野県,すき家 塩尻志学館高校前店,長野県塩尻市広丘高出1486-230,1050,20230916,1000,50
すき家,秋田県,すき家 横手IC店,秋田県横手市安田向田173-3,960,20230916,930,30
すき家,神奈川,すき家 横須賀中央店,神奈川県横須賀市若松町1-4味ビル1F,1150,20230916,1090,60
すき家,神奈川,すき家 横須賀野比店,神奈川県横須賀市野比1-4-25,1130,20230916,1090,40
すき家,神奈川,すき家 海老名河原口店,神奈川県海老名市河原口5-4-28,1180,20230916,1150,30
すき家,神奈川,すき家 開成店,神奈川県足柄上郡開成町吉田島783-1,1150,20230916,1090,60
すき家,大阪府,すき家 貝塚北町店,大阪府貝塚市北町17-15,1100,20230916,1050,50
すき家,茨城県,すき家 笠間友部店,茨城県笠間市旭町427-2,1050,20230916,1000,50
すき家,富山県,すき家 滑川柳原店,富山県滑川市柳原59-14,1080,20230916,1030,50
すき家,大阪府,すき家 蒲生四丁目店,大阪府大阪市城東区蒲生4-21-8,1100,20230916,1050,50
すき家,神奈川,すき家 釜利谷店,神奈川県横浜市金沢区釜利谷東4-53-11,1130,20230916,1090,40
すき家,神奈川,すき家 寒川宮山店,神奈川県高座郡寒川町宮山3460-1,1112,20230916,1090,22
すき家,神奈川,すき家 寒川田端店,神奈川県高座郡寒川町田端1445-1,1112,20230916,1090,22
すき家,神奈川,すき家 環状4号泉区和泉店,神奈川県横浜市泉区下和泉1-4-3,1150,20230916,1100,50
すき家,大阪府,すき家 関目店,大阪府大阪市城東区成育2-13-15アイビーマンション1F,1100,20230916,1050,50
すき家,大阪府,すき家 岸和田磯上店,大阪府岸和田市磯上町4-23-25,1100,20230916,1050,50
すき家,大阪府,すき家 岸和田和泉IC北店,大阪府岸和田市田治米町343-1,1100,20230916,1050,50
すき家,埼玉県,すき家 岩槻駅前店,埼玉県さいたま市岩槻区本町1-3-3吉田ビル1F,1100,20230916,1050,50
すき家,埼玉県,すき家 岩槻城北東店,埼玉県さいたま市岩槻区上野1-20-5,1100,20230916,1050,50
すき家,新潟県,すき家 亀田店,新潟県新潟市江南区早苗2-248-1,1000,20230916,950,50
すき家,埼玉県,すき家 吉川栄店,埼玉県吉川市栄834-1,1080,20230916,1050,30
すき家,神奈川,すき家 京急久里浜駅前店,神奈川県横須賀市久里浜4-5-4,1130,20230916,1090,40
すき家,大阪府,すき家 京阪枚方市駅前店,大阪府枚方市岡本町3-4N´sSquare1F,1100,20230916,1050,50
すき家,大阪府,すき家 玉造駅前店,大阪府大阪市中央区玉造1-5-8大倉ビル,1120,20230916,1050,70
すき家,大阪府,すき家 近畿大学店,大阪府東大阪市新上小阪5-86近畿大学Eキャンパス構内,1100,20230916,1050,50
すき家,神奈川,すき家 戸塚南店,神奈川県横浜市戸塚区東俣野町1029-1,1150,20230916,1100,50
すき家,新潟県,すき家 五泉東本町店,新潟県五泉市東本町2-78-1,980,20230916,950,30
すき家,大阪府,すき家 交野星田北店,大阪府交野市星田北3-37-4,1100,20230916,1050,50
すき家,青森県,すき家 弘前青山店,青森県弘前市大字青山5-28-1,930,20230916,900,30
すき家,青森県,すき家 弘前中央店,青森県弘前市大字大町3-1-4,930,20230916,900,30
すき家,青森県,すき家 弘前中野店,青森県弘前市中野2-1-6,920,20230916,900,20
すき家,大阪府,すき家 江戸堀店,大阪府大阪市西区江戸堀1-24-15タツト・肥後橋ビル1F,1200,20230916,1180,20
すき家,山梨県,すき家 甲州塩山店,山梨県甲州市塩山下於曽1559-1,1030,20230916,1000,30
すき家,山梨県,すき家 甲斐島上条店,山梨県甲斐市島上条207-1,1030,20230916,1000,30
すき家,山梨県,すき家 甲府アルプス通り店,山梨県中巨摩郡昭和町西条2707-1,1050,20230916,1000,50
すき家,山梨県,すき家 甲府国玉店,山梨県甲府市国玉町975-1,1030,20230916,1000,30
すき家,大阪府,すき家 香里園駅前店,大阪府寝屋川市香里南之町20-23,1100,20230916,1050,50
すき家,大阪府,すき家 高槻下田部店,大阪府高槻市下田部町1-3-28,1100,20230916,1050,50
すき家,大阪府,すき家 高槻古曽部店,大阪府高槻市古曽部町2-21-32,1100,20230916,1050,50
すき家,栃木県,すき家 黒磯住吉店,栃木県那須塩原市住吉町77-12,1000,20230916,980,20
すき家,大阪府,すき家 此花四貫島店,大阪府大阪市此花区四貫島2-4-5,1120,20230916,1070,50
すき家,大阪府,すき家 阪急茨木市駅前店,大阪府茨木市双葉町8-1奥村ビル1F,1100,20230916,1050,50
すき家,兵庫県,すき家 阪急園田駅前店,兵庫県尼崎市東園田町9-17-16メゾン・ドゥ・ファミリー1F,1080,20230916,1060,20
すき家,大阪府,すき家 阪急庄内南店,大阪府豊中市庄内西町5-1-3,1080,20230916,1060,20
すき家,大阪府,すき家 阪急淡路西口店,大阪府大阪市東淀川区淡路4-11-15井上ビル1F,1120,20230916,1100,20
すき家,大阪府,すき家 阪神野田駅前店,大阪府大阪市福島区海老江1-1-17野田アプラ105,1200,20230916,1120,80
すき家,大阪府,すき家 堺IC店,大阪府堺市南区小代457-1,1100,20230916,1050,50
すき家,大阪府,すき家 堺筋本町店,大阪府大阪市中央区本町1-7-1三星本町ビル1F,1200,20230916,1120,80
すき家,大阪府,すき家 堺高須店,大阪府堺市堺区高須町2-1-16,1100,20230916,1050,50
すき家,大阪府,すき家 堺黒土店,大阪府堺市北区黒土町2355-1,1100,20230916,1050,50
すき家,大阪府,すき家 堺津久野店,大阪府堺市西区下田町26-23,1100,20230916,1050,50
すき家,大阪府,すき家 堺片蔵店,大阪府堺市南区片蔵1333-1,1100,20230916,1050,50
すき家,大阪府,すき家 桜川駅前店,大阪府大阪市浪速区幸町2-8-8常盤機械ビル1F,1120,20230916,1050,70
すき家,北海道,すき家 札幌ポールタウン店,北海道札幌市中央区南三条西3-10さっぽろ地下街ポールタウン,1020,20230916,1000,20
すき家,北海道,すき家 札幌駅前通北一条店,北海道札幌市中央区北1条西3-2-5北尾ビル1F,1020,20230916,1000,20
すき家,北海道,すき家 札幌桑園店,北海道札幌市中央区北十一条西20丁目1-10,1020,20230916,1000,20
すき家,北海道,すき家 札幌山鼻店,北海道札幌市中央区南十三条西15-3-6,1020,20230916,1000,20
すき家,北海道,すき家 札幌新道発寒店,北海道札幌市西区発寒12条1-2-30,1020,20230916,1000,20
すき家,北海道,すき家 札幌石山通南一条店,北海道札幌市中央区南1条西11-327-27ジュピタープレイス1F,1020,20230916,1000,20
すき家,北海道,すき家 札幌屯田店,北海道札幌市北区屯田六条4-4-20,1020,20230916,1000,20
すき家,北海道,すき家 札幌美香保店,北海道札幌市東区北二十条東8-3-5,1020,20230916,1000,20
すき家,北海道,すき家 札幌北33条店,北海道札幌市北区北三十三条西4-1-12,1020,20230916,1000,20
すき家,北海道,すき家 札幌北郷店,北海道札幌市白石区北郷三条8-1-1,1020,20230916,1000,20
すき家,北海道,すき家 札幌北野店,北海道札幌市清田区北野七条3-5-5,1020,20230916,1000,20
すき家,兵庫県,すき家 三宮駅東店,兵庫県神戸市中央区雲井通6-1-15サンシティビル103,1080,20230916,1060,20
すき家,兵庫県,すき家 三宮店,兵庫県神戸市中央区北長狭通1-20-2,1080,20230916,1060,20
すき家,大阪府,すき家 三国本町店,大阪府大阪市淀川区三国本町2-13-14,1100,20230916,1060,40
すき家,静岡県,すき家 三島徳倉店,静岡県三島市徳倉910-2,1080,20230916,1030,50
すき家,大阪府,すき家 四ツ橋駅前店,大阪府大阪市西区北堀江1-7-12四ツ橋北堀江ビル1F,1150,20230916,1090,60
すき家,大阪府,すき家 寺田町駅前店,大阪府大阪市阿倍野区天王寺町北2-1-5,1120,20230916,1050,70
すき家,山形県,すき家 酒田若竹店,山形県酒田市若竹町2-3-5,1100,20230916,1080,20
すき家,秋田県,すき家 秋田泉店,秋田県秋田市泉中央1-3-11,960,20230916,930,30
すき家,大阪府,すき家 住吉遠里小野店,大阪府大阪市住吉区遠里小野2-10-30,1100,20230916,1050,50
すき家,大阪府,すき家 住吉長居公園通店,大阪府大阪市住吉区長居東1-31,1120,20230916,1050,70
すき家,大阪府,すき家 住之江大和川通店,大阪府大阪市住之江区新北島1-9-5,1120,20230916,1050,70
すき家,大阪府,すき家 十三駅西口店,大阪府大阪市淀川区十三本町1-7-1カネイシビル,1120,20230916,1100,20
すき家,青森県,すき家 十和田元町店,青森県十和田市元町東1-2-19,940,20230916,920,20
すき家,埼玉県,すき家 春日部ユリノキ通り店,埼玉県春日部市大沼4-19,1100,20230916,1050,50
すき家,埼玉県,すき家 春日部増田新田店,埼玉県春日部市増田新田93-1,1100,20230916,1050,50
すき家,神奈川,すき家 小田原駅東口店,神奈川県小田原市栄町1-14-1実正堂ビル1F,1150,20230916,1090,60
すき家,神奈川,すき家 小田原扇町店,神奈川県小田原市扇町2-5-9,1150,20230916,1090,60
すき家,神奈川,すき家 小田原早川店,神奈川県小田原市早川3-19-6,1180,20230916,1110,70
すき家,大阪府,すき家 松原阿保店,大阪府松原市阿保6-871-1,1100,20230916,1050,50
すき家,大阪府,すき家 松原南新町店,大阪府松原市南新町4-107-17,1100,20230916,1050,50
すき家,長野県,すき家 松本出川店,長野県松本市出川3-6-10,1050,20230916,1030,20
すき家,静岡県,すき家 沼津小諏訪店,静岡県沼津市小諏訪574-8,1080,20230916,1030,50
すき家,群馬県,すき家 沼田IC店,群馬県沼田市下久屋町1043-1,1080,20230916,1000,80
すき家,神奈川,すき家 湘南LT店,神奈川県藤沢市大庭5434-9,1150,20230916,1100,50
すき家,新潟県,すき家 上越高土店,新潟県上越市高土町1-1-4,1030,20230916,1000,30
すき家,新潟県,すき家 上越春日山店,新潟県上越市大豆1-9-27,1030,20230916,1000,30
すき家,埼玉県,すき家 上尾駅西口店,埼玉県上尾市谷津2-1-41,1100,20230916,1050,50
すき家,埼玉県,すき家 上尾平塚店,埼玉県上尾市平塚1696-1,1100,20230916,1050,50
すき家,埼玉県,すき家 上尾平方店,埼玉県上尾市平方領領家三ッ塚4-1,1100,20230916,1050,50
すき家,大阪府,すき家 上六店,大阪府大阪市天王寺区上本町6-9-20,1120,20230916,1050,70
すき家,神奈川,すき家 城山向原店,神奈川県相模原市緑区向原3-1-4,1150,20230916,1090,60
すき家,新潟県,すき家 新井店,新潟県妙高市大字猪野山55-16,1030,20230916,1000,30
すき家,埼玉県,すき家 新越谷駅東口店,埼玉県越谷市南越谷1-17-11新越谷プラザビル1F,1100,20230916,1050,50
すき家,新潟県,すき家 新潟巻店,新潟県新潟市西蒲区巻甲4438-4,1000,20230916,950,50
すき家,新潟県,すき家 新潟近江店,新潟県新潟市中央区上近江2-1-18,1030,20230916,1000,30
すき家,新潟県,すき家 新潟大学前店,新潟県新潟市西区五十嵐一の町6711-1,980,20230916,950,30
すき家,大阪府,すき家 新大阪西宮原店,大阪府大阪市淀川区西宮原1-8-41新大阪南愛ビル1階,1120,20230916,1060,60
すき家,北海道,すき家 深川店,北海道深川市三条18-25,1000,20230916,960,40
すき家,兵庫県,すき家 神戸キャンパススクエア店,兵庫県神戸市西区学園西町1-4,1050,20230916,1030,20
すき家,神奈川,すき家 秦野室川橋店,神奈川県秦野市曽屋5788-5,1120,20230916,1090,30
すき家,兵庫県,すき家 須磨車店,兵庫県神戸市須磨区車字奥中ノ尾767-1,1060,20230916,1030,30
すき家,大阪府,すき家 吹田五月が丘店,大阪府吹田市五月が丘東13-19,1100,20230916,1050,50
すき家,兵庫県,すき家 垂水塩屋北店,兵庫県神戸市垂水区朝谷町20-7,1060,20230916,1030,30
すき家,兵庫県,すき家 垂水多聞店,兵庫県神戸市垂水区本多聞1-22-30,1050,20230916,1030,20
すき家,兵庫県,すき家 垂水名谷店,兵庫県神戸市垂水区名谷町字横尾1818-1,1040,20230916,1030,10
すき家,茨城県,すき家 水戸河和田店,茨城県水戸市河和田1丁目1704番14-13,1020,20230916,1000,20
すき家,茨城県,すき家 水戸末広町店,茨城県水戸市末広町2-3-7,1020,20230916,980,40
すき家,茨城県,すき家 水戸柳町店,茨城県水戸市柳町1-1-8,1050,20230916,1000,50
すき家,静岡県,すき家 清水IC店,静岡県静岡市清水区八坂東2-16-21,1080,20230916,1000,80
すき家,大阪府,すき家 生野巽東店,大阪府大阪市生野区巽東3-13-10,1120,20230916,1050,70
すき家,大阪府,すき家 西九条駅前店,大阪府大阪市此花区西九条4-3-39村本ビル1F,1120,20230916,1070,50
すき家,栃木県,すき家 西那須野店,栃木県那須塩原市睦104-31,1000,20230916,980,20
すき家,大阪府,すき家 西本町店,大阪府大阪市西区西本町1-7-14日宝信濃橋センター,1200,20230916,1120,80
すき家,青森県,すき家 青森西店,青森県青森市篠田2-19-26,950,20230916,930,20
すき家,青森県,すき家 青森問屋町店,青森県青森市第二問屋町1-2-1,950,20230916,930,20
すき家,静岡県,すき家 静岡安西店,静岡県静岡市葵区安西1-2-18,1080,20230916,1050,30
すき家,北海道,すき家 石狩花川店,北海道石狩市花川南6条1-11-50,1020,20230916,1000,20
すき家,大阪府,すき家 摂津鳥飼中店,大阪府摂津市鳥飼中2-2-50,1100,20230916,1050,50
すき家,大阪府,すき家 摂津南別府店,大阪府摂津市南別府町3-19,1100,20230916,1050,50
すき家,大阪府,すき家 摂津富田店,大阪府高槻市大畑町26-17,1100,20230916,1050,50
すき家,兵庫県,すき家 川西火打店,兵庫県川西市火打2-9-23,1050,20230916,1030,20
すき家,大阪府,すき家 泉大津松之浜店,大阪府泉大津市松之浜町2-1-12,1100,20230916,1050,50
すき家,大阪府,すき家 泉南中小路店,大阪府泉南市中小路2-383,1100,20230916,1050,50
すき家,大阪府,すき家 船場中央店,大阪府大阪市中央区南本町3-2-6,1200,20230916,1120,80
すき家,神奈川,すき家 相模原共和店,神奈川県相模原市中央区共和3-6-17,1130,20230916,1090,40
すき家,神奈川,すき家 相模原小町通店,神奈川県相模原市中央区小町通2-4-12,1150,20230916,1090,60
すき家,神奈川,すき家 相模原田名店,神奈川県相模原市中央区田名4679-10,1120,20230916,1090,30
すき家,神奈川,すき家 相模原緑が丘店,神奈川県相模原市中央区緑が丘1-46-28,1180,20230916,1090,90
すき家,静岡県,すき家 袋井川井店,静岡県袋井市川井字杉ノ木996-2,1080,20230916,1050,30
すき家,大阪府,すき家 大国町駅前店,大阪府大阪市浪速区敷津東3-11-10AKI難波ビル1F,1120,20230916,1050,70
すき家,大阪府,すき家 大阪港駅前店,大阪府大阪市港区築港3-6-13,1150,20230916,1070,80
すき家,大阪府,すき家 大阪鶴見今津北店,大阪府大阪市鶴見区今津北4-4-3,1100,20230916,1050,50
すき家,大阪府,すき家 大正三軒家東店,大阪府大阪市大正区三軒家東4-6-12,1120,20230916,1050,70
すき家,大阪府,すき家 大正泉尾店,大阪府大阪市大正区泉尾5-1-4,1120,20230916,1050,70
すき家,群馬県,すき家 大泉中央店,群馬県邑楽郡大泉町中央1-7-20,1050,20230916,1000,50
すき家,大阪府,すき家 大池橋店,大阪府大阪市生野区中川西3-10-10,1120,20230916,1050,70
すき家,大阪府,すき家 谷町三丁目店,大阪府大阪市中央区谷町3-5-5アイドュビル1F,1180,20230916,1120,60
すき家,東京都,すき家 中葛西店,東京都江戸川区中葛西6-1-10メゾンド佐久間Ⅱ,1200,20230916,1160,40
すき家,大阪府,すき家 中環大日店,大阪府門真市向島3-35ベア-ズA棟,1100,20230916,1050,50
すき家,北海道,すき家 中標津店,北海道標津郡中標津町東6条南11-1-2,1020,20230916,1000,20
すき家,神奈川,すき家 朝比奈店,神奈川県横浜市金沢区六浦4-11-34サングレイスビル101,1120,20230916,1090,30
すき家,大阪府,すき家 長吉出戸店,大阪府大阪市平野区長吉出戸5-3-62,1100,20230916,1050,50
すき家,大阪府,すき家 長居店,大阪府大阪市住吉区長居東4-21-2泉第2ハイツ,1120,20230916,1050,70
すき家,静岡県,すき家 長泉下土狩店,静岡県駿東郡長泉町下土狩429-1-1,1080,20230916,1030,50
すき家,兵庫県,すき家 長田浜添通店,兵庫県神戸市長田区浜添通6-1-25,1050,20230916,1030,20
すき家,大阪府,すき家 長堀橋駅南店,大阪府大阪市中央区島之内1-21-19協和島之内ビル1F,1200,20230916,1120,80
すき家,神奈川,すき家 追浜駅前店,神奈川県横須賀市追浜町3-8,1120,20230916,1090,30
すき家,神奈川,すき家 辻堂店,神奈川県藤沢市辻堂東海岸1-2-1,1130,20230916,1100,30
すき家,山形県,すき家 鶴岡道形店,山形県鶴岡市道形字二ツ屋61-2,1100,20230916,1080,20
すき家,大阪府,すき家 天下茶屋駅前店,大阪府大阪市西成区岸里1-1-79とれび天下茶屋,1120,20230916,1050,70
すき家,大阪府,すき家 天神橋二丁目店,大阪府大阪市北区天神橋2-4-14盛岡ビル1F,1150,20230916,1100,50
すき家,大阪府,すき家 都島IC店,大阪府大阪市都島区高倉町3-14-27,1120,20230916,1080,40
すき家,大阪府,すき家 都島本通店,大阪府大阪市都島区都島本通3-20-1,1120,20230916,1080,40
すき家,兵庫県,すき家 東園田店,兵庫県尼崎市東園田町4-63-1,1080,20230916,1060,20
すき家,神奈川,すき家 東海大前店,神奈川県秦野市南矢名3-12-3,1120,20230916,1090,30
すき家,大阪府,すき家 東住吉杭全店,大阪府大阪市東住吉区杭全5-13-7,1120,20230916,1050,70
すき家,埼玉県,すき家 東大宮駅前店,埼玉県さいたま市見沼区東大宮5-1-2東大宮東口扶桑ビル1F,1100,20230916,1050,50
すき家,大阪府,すき家 東大阪加納店,大阪府東大阪市加納8-24-7,1100,20230916,1050,50
すき家,大阪府,すき家 東大阪高井田店,大阪府東大阪市高井田本通7-1-30,1100,20230916,1050,50
すき家,大阪府,すき家 東大阪菱屋西店,大阪府東大阪市菱屋西6-9-15,1100,20230916,1050,50
すき家,大阪府,すき家 東大阪菱屋東店,大阪府東大阪市菱屋東2-3-29,1100,20230916,1050,50
すき家,埼玉県,すき家 東武蒲生駅前店,埼玉県越谷市蒲生寿町16-18,1100,20230916,1050,50
すき家,大阪府,すき家 東淀川菅原店,大阪府大阪市東淀川区菅原7-5-31,1120,20230916,1100,20
すき家,大阪府,すき家 東淀川大桐店,大阪府大阪市東淀川区大桐1-7-8,1120,20230916,1080,40
すき家,大阪府,すき家 藤井寺駅前店,大阪府藤井寺市岡2-8-46アコ-ルアン1F,1100,20230916,1050,50
すき家,神奈川,すき家 藤沢湘南台店,神奈川県藤沢市湘南台4-14-4,1120,20230916,1100,20
すき家,大阪府,すき家 道頓堀一丁目店,大阪府大阪市中央区道頓堀1-1-11K-24ビル1F,1200,20230916,1120,80
すき家,福井県,すき家 敦賀木崎店,福井県敦賀市木崎19-14-1,1150,20230916,1100,50
すき家,大阪府,すき家 内環状守口太子橋店,大阪府守口市緑町3-12,1120,20230916,1080,40
すき家,大阪府,すき家 内環状新深江店,大阪府大阪市東成区深江南2-12-22,1100,20230916,1050,50
すき家,兵庫県,すき家 灘中郷店,兵庫県神戸市灘区中郷町3-2-13,1080,20230916,1030,50
すき家,大阪府,すき家 南港通り北加賀屋店,大阪府大阪市住之江区北加賀屋2-11-8北加賀屋千島ビル,1120,20230916,1050,70
すき家,大阪府,すき家 南船場店,大阪府大阪市中央区南船場2-2-10,1200,20230916,1120,80
すき家,大阪府,すき家 南堀江店,大阪府大阪市西区南堀江2-1-1EG堀江ビル1F,1200,20230916,1120,80
すき家,大阪府,すき家 難波元町店,大阪府大阪市浪速区難波中3-6-12ナンバグランドビル,1150,20230916,1070,80
すき家,神奈川,すき家 二宮店,神奈川県中郡二宮町二宮1352-4,1180,20230916,1090,90
すき家,大阪府,すき家 梅田太融寺店,大阪府大阪市北区太融寺町5-8ダイヤモンドレジャ-ビル本館1F,1200,20230916,1180,20
すき家,大阪府,すき家 梅田茶屋町店,大阪府大阪市北区茶屋町1-52コモド梅田ビル1F,1200,20230916,1180,20
すき家,大阪府,すき家 梅田堂山店,大阪府大阪市北区堂山町15-15,1200,20230916,1180,20
すき家,大阪府,すき家 柏原片山店,大阪府柏原市片山町14-1,1100,20230916,1050,50
すき家,埼玉県,すき家 白岡岡泉店,埼玉県白岡市太田新井1187-4,1100,20230916,1050,50
すき家,新潟県,すき家 白根店,新潟県新潟市南区鰺潟四反田605-1,1000,20230916,950,50
すき家,北海道,すき家 函館漁火通店,北海道函館市広野町3-3,1000,20230916,980,20
すき家,北海道,すき家 函館鍛治店,北海道函館市鍛治2-9-11,1000,20230916,980,20
すき家,青森県,すき家 八戸根城店,青森県八戸市根城3-4-5,940,20230916,920,20
すき家,京都府,すき家 八幡店,京都府八幡市八幡五反田39-4,1050,20230916,1020,30
すき家,大阪府,すき家 八尾山賀店,大阪府八尾市山賀町1-37,1100,20230916,1050,50
すき家,大阪府,すき家 八尾青山店,大阪府八尾市青山町4-2-38,1100,20230916,1050,50
すき家,大阪府,すき家 八尾南木の本店,大阪府八尾市南木の本4-101-1,1100,20230916,1050,50
すき家,兵庫県,すき家 板宿店,兵庫県神戸市須磨区大黒町3-3-26山本ビル,1050,20230916,1030,20
すき家,静岡県,すき家 富士厚原店,静岡県富士市厚原99-5,1050,20230916,1030,20
すき家,静岡県,すき家 富士今泉店,静岡県富士市今泉1-70-4,1050,20230916,1030,20
すき家,大阪府,すき家 富田林小金台店,大阪府富田林市小金台1-3-10,1100,20230916,1050,50
すき家,大阪府,すき家 富田林川面店,大阪府富田林市川面町2-4-16,1100,20230916,1050,50
すき家,神奈川,すき家 淵野辺北口店,神奈川県相模原市中央区淵野辺3-19-11大黒屋ビル1F,1120,20230916,1090,30
すき家,神奈川,すき家 平塚松風店,神奈川県平塚市松風町11-20,1130,20230916,1090,40
すき家,神奈川,すき家 平塚上平塚店,神奈川県平塚市上平塚1-54,1130,20230916,1090,40
すき家,神奈川,すき家 平塚店,神奈川県平塚市平塚1-9-26,1120,20230916,1090,30
すき家,神奈川,すき家 平塚豊田店,神奈川県平塚市豊田本郷1740-1,1150,20230916,1090,60
すき家,大阪府,すき家 平野町一丁目店,大阪府大阪市中央区平野町1-8-11ルート北浜ビル1F,1200,20230916,1120,80
すき家,大阪府,すき家 弁天町みなと通店,大阪府大阪市港区磯路1-1-7灘浜ビル,1120,20230916,1050,70
すき家,兵庫県,すき家 宝塚安倉店,兵庫県宝塚市安倉西4-608,1050,20230916,1030,20
すき家,兵庫県,すき家 宝塚小林店,兵庫県宝塚市小林5-9-100,1050,20230916,1030,20
すき家,兵庫県,すき家 宝塚中筋店,兵庫県宝塚市中筋6-13-22,1050,20230916,1030,20
すき家,新潟県,すき家 豊栄北陽店,新潟県新潟市北区北陽1-2480-5,980,20230916,950,30
すき家,大阪府,すき家 豊中熊野町店,大阪府豊中市熊野町1-7-15,1100,20230916,1060,40
すき家,大阪府,すき家 豊中曽根店,大阪府豊中市曽根南町3-19-24,1100,20230916,1060,40
すき家,大阪府,すき家 豊中浜店,大阪府豊中市浜4-3-7-2,1100,20230916,1060,40
すき家,神奈川,すき家 本厚木一番街店,神奈川県厚木市中町2-12-1,1130,20230916,1090,40
すき家,神奈川,すき家 本厚木店,神奈川県厚木市中町3-13-1,1130,20230916,1090,40
すき家,大阪府,すき家 枚方山之上店,大阪府枚方市山之上北町1-8,1100,20230916,1050,50
すき家,大阪府,すき家 枚方渚内野店,大阪府枚方市渚内野4-25-1,1100,20230916,1050,50
すき家,大阪府,すき家 枚方招提北店,大阪府枚方市招提北町1-2241-1,1100,20230916,1050,50
すき家,大阪府,すき家 枚方中宮東之町店,大阪府枚方市中宮東之町22-13,1100,20230916,1050,50
すき家,長野県,すき家 箕輪BP店,長野県上伊那郡箕輪町中箕輪11338-1,1030,20230916,1000,30
すき家,兵庫県,すき家 妙法寺駅前店,兵庫県神戸市須磨区横尾1-5リファーレ横尾1F,1050,20230916,1030,20
すき家,大阪府,すき家 門真下馬伏店,大阪府門真市下馬伏町26-6,1100,20230916,1050,50
すき家,大阪府,すき家 門真中央店,大阪府門真市大池町16-25,1100,20230916,1050,50
すき家,大阪府,すき家 淀川加島店,大阪府大阪市淀川区加島2-3-4,1100,20230916,1050,50
すき家,大阪府,すき家 淀川通塚本店,大阪府大阪市淀川区塚本2-14-19,1120,20230916,1100,20
すき家,神奈川,すき家 立場店,神奈川県横浜市泉区中田西1-1-41,1130,20230916,1100,30
すき家,大阪府,すき家 立売堀二丁目店,大阪府大阪市西区立売堀2-4-6DGビルなにわ筋1F,1200,20230916,1120,80
すき家,兵庫県,すき家 鈴蘭台鳴子店,兵庫県神戸市北区鳴子2-1-4,1050,20230916,1030,20
すき家,埼玉県,すき家 蓮田西新宿店,埼玉県蓮田市西新宿2-105,1100,20230916,1050,50
すき家,大阪府,すき家 和泉はつが野店,大阪府和泉市はつが野1-1-13,1100,20230916,1050,50
すき家,兵庫県,すき家 脇浜店,兵庫県神戸市中央区脇浜町2-5-19,1080,20230916,1050,30
