松屋,東京都,すし松 蒲田1号店,東京都大田区蒲田5丁目16番9号 第一カワタビル1F,1500,20230923,1200,300
松屋,東京都,すし松 西荻窪店,東京都杉並区西荻北3-20-1,1450,20230923,1250,200
松屋,埼玉県,すし松 川口店,埼玉県川口市栄町3-5-12 石橋ビル,1450,20230923,1100,350
松屋,埼玉県,すし松 大宮店,埼玉県さいたま市大宮区宮町1-50-2 いとや宮町ビル1F,1400,20230923,1200,200
松屋,東京都,マイカリー食堂 高田馬場店,東京都新宿区高田馬場1-26-12,1300,20230923,1200,100
松屋,東京都,マイカリー食堂 上野店,東京都台東区上野7-4-7,1320,20230923,1300,20
松屋,東京都,マイカリー食堂 清瀬店,東京都清瀬市松山1-11-17,1150,20230923,1100,50
松屋,東京都,マイカリー食堂 赤坂店,東京都港区赤坂6-4-22,1310,20230923,1200,110
松屋,東京都,マイカリー食堂 練馬高野台店,東京都練馬区高野台1-7-20,1200,20230923,1100,100
松屋,神奈川,松のや 伊勢佐木町店/マイカリー食堂 伊勢佐木町店,神奈川県横浜市中区伊勢佐木町2-76-3,1130,20230923,1100,30
松屋,神奈川,松のや 下永谷店,神奈川県横浜市港南区下永谷5-3-10,1130,20230923,1100,30
松屋,大阪府,松のや 花園町店,大阪府大阪市西成区鶴見橋1-3-24,1080,20230923,1040,40
松屋,大阪府,松のや 貝塚店,大阪府貝塚市小瀬1-28-13,1080,20230923,1040,40
松屋,神奈川,松のや 茅ヶ崎店,神奈川県茅ヶ崎市新栄町1-6 湘南ISビル,1130,20230923,1100,30
松屋,大阪府,松のや 萱島店/マイカリー食堂 萱島店,大阪府寝屋川市萱島本町19-11,1080,20230923,1040,40
松屋,福岡県,松のや 干隈店,福岡県福岡市早良区干隈3-29-6,950,20230923,920,30
松屋,大阪府,松のや 金岡店,大阪府堺市北区金岡町192-1 Pモール,1080,20230923,1040,40
松屋,神奈川,松のや 戸塚店,神奈川県横浜市戸塚区戸塚町104 戸塚ツタヤビル,1130,20230923,1100,30
松屋,大阪府,松のや 香里園店/マイカリー食堂 香里園店,大阪府寝屋川市香里南之町30-14,1080,20230923,1040,40
松屋,大阪府,松のや 高槻千代田町店,大阪府高槻市千代田町4-5,1080,20230923,1040,40
松屋,大阪府,松のや 今福鶴見店,大阪府大阪市鶴見区鶴見4-1-31,1080,20230923,1040,40
松屋,大阪府,松のや 堺東店/マイカリー食堂 堺東店,大阪府堺市堺区中瓦町2-3-12 きくやビル1階,1080,20230923,1040,40
松屋,兵庫県,松のや 三田ウッディタウン店,兵庫県三田市けやき台1丁目5番（地番）,1020,20230923,1000,20
松屋,大阪府,松のや 四天王寺前夕陽ケ丘,大阪府大阪市天王寺区四天王寺1-7-11,1080,20230923,1040,40
松屋,兵庫県,松のや 志染店,兵庫県三木市志染町広野1丁目74,1020,20230923,1000,20
松屋,鹿児島,松のや 鹿児島宇宿店,鹿児島県鹿児島市宇宿2丁目24-16,897,20230923,860,37
松屋,大阪府,松のや 小阪店,大阪府東大阪市御厨栄町2-17-9,1080,20230923,1040,40
松屋,大阪府,松のや 少路店,大阪府豊中市少路1-2-1,1080,20230923,1040,40
松屋,大阪府,松のや 松原店,大阪府松原市上田8-14-13,1080,20230923,1040,40
松屋,神奈川,松のや 上大岡西店/マイカリー食堂 上大岡西店,神奈川県横浜市港南区上大岡西2-1-19,1130,20230923,1100,30
松屋,大阪府,松のや 深江橋店,大阪府大阪市城東区諏訪4-3-1 ロイヤル・プラザ1F,1080,20230923,1040,40
松屋,神奈川,松のや 杉田店/マイカリー食堂 杉田店,神奈川県横浜市磯子区杉田1-12-28 魚七フードビル,1130,20230923,1100,30
松屋,愛知県,松のや 瀬戸店,愛知県瀬戸市西原町2-88,1040,20230923,1000,40
松屋,東京都,松のや 西荻窪店/マイカリー食堂 西荻窪店,東京都杉並区西荻南3-8-8,1600,20230923,1400,200
松屋,兵庫県,松のや 西宮西田町店,兵庫県西宮市西田町1-29,1100,20230923,1040,60
松屋,兵庫県,松のや 西神南店,兵庫県神戸市西区井吹台西町1-1-2,1020,20230923,1000,20
松屋,兵庫県,松のや 西鈴蘭台店,兵庫県神戸市北区鳴子2-1-5,1020,20230923,1000,20
松屋,大阪府,松のや 石橋店,大阪府池田市石橋1-3-10 MKビル1F,1080,20230923,1040,40
松屋,大阪府,松のや 摂津富田店/マイカリー食堂 摂津富田店,大阪府高槻市富田町1-8-21,1080,20230923,1040,40
松屋,東京都,松のや 千歳烏山店,東京都世田谷区南烏山5-16-21 ライオン堂ビル,1200,20230923,1150,50
松屋,東京都,松のや 千歳船橋店,東京都世田谷区船橋1-1-2 船橋コーポ,1200,20230923,1150,50
松屋,大阪府,松のや 千鳥橋店,大阪府大阪市此花区四貫島1-1-2 千鳥橋駅南館,1080,20230923,1040,40
松屋,神奈川,松のや 相武台前店,神奈川県座間市相武台1-35-5,1130,20230923,1100,30
松屋,神奈川,松のや 相模原店/マイカリー食堂 相模原店,神奈川県相模原市中央区相模原2-2-19 エイコーマンション1F,1130,20230923,1100,30
松屋,神奈川,松のや 相模原陽光台店,神奈川県相模原市中央区陽光台5-5-2,1130,20230923,1100,30
松屋,神奈川,松のや 相模大野店,神奈川県相模原市南区相模大野3-2-1 BONO相模大野ノースモール202,1130,20230923,1100,30
松屋,滋賀県,松のや 草津木川町店,滋賀県草津市木川町75-5,1050,20230923,1000,50
松屋,大阪府,松のや 池田店,大阪府池田市城南1-9-16,1080,20230923,1040,40
松屋,東京都,松のや 町田店,東京都町田市原町田4-4-14,1130,20230923,1100,30
松屋,京都府,松のや 長岡天神店,京都府長岡京市天神1-30-1,1020,20230923,1000,20
松屋,大阪府,松のや 藤阪店,大阪府枚方市津田北町1-3189-2,1080,20230923,1040,40
松屋,沖縄県,松のや 那覇小禄店/マイカリー食堂 那覇小禄店,沖縄県那覇市田原1丁目3番地1,1000,20230923,920,80
松屋,兵庫県,松のや 板宿店,兵庫県神戸市須磨区平田町2-2-2 板宿稲岡ビル,1020,20230923,1000,20
松屋,大阪府,松のや 姫島店,大阪府大阪市西淀川区姫里1-26-18,1080,20230923,1040,40
松屋,兵庫県,松のや 姫路野里店,兵庫県姫路市城東町180,1020,20230923,1000,20
松屋,大阪府,松のや 瓢箪山店,大阪府東大阪市若草町5-2,1080,20230923,1040,40
松屋,東京都,松のや 浮間舟渡店/マイカリー食堂 浮間舟渡店 ,東京都板橋区舟渡1-12-12,1150,20230923,1100,50
松屋,東京都,松のや 平井店,東京都江戸川区平井5-15-8 平井駅前ビルE棟,1200,20230923,1150,50
松屋,神奈川,松のや 平塚店/マイカリー食堂 平塚店,神奈川県平塚市紅谷町5-14,1130,20230923,1100,30
松屋,大阪府,松のや 野崎店/マイカリー食堂 野崎店,大阪府大東市南津の辺町21-40,1080,20230923,1040,40
松屋,神奈川,松のや 野毛店,神奈川県横浜市中区野毛町3-160-4 ちぇるる野毛ショッピングセンター,1130,20230923,1100,30
松屋,東京都,松のや 用賀店,東京都世田谷区用賀2-38-15 田縁ビル,1200,20230923,1150,50
松屋,埼玉県,松のや 蕨店,埼玉県蕨市塚越1-4-18,1100,20230923,1000,100
松屋,宮城県,松屋 tekute長町店/マイカリー食堂 tekute長町店,宮城県仙台市太白区長町5丁目1-30 tekuteながまち,1150,20230923,1050,100
松屋,沖縄県,松屋 うるま石川店,沖縄県うるま市石川白浜1-4-12,960,20230923,920,40
松屋,沖縄県,松屋 うるま赤道店/松のや うるま赤道店,沖縄県うるま市赤道256-4,980,20230923,920,60
松屋,兵庫県,松屋 たつの店,兵庫県たつの市龍野町堂本369-3,1050,20230923,1000,50
松屋,北海道,松屋 旭川大町店/松のや 旭川大町店,北海道旭川市大町一条3丁目9-31,1250,20230923,1050,200
松屋,滋賀県,松屋 伊吹PA（上り線）店,滋賀県米原市柏原3231,1150,20230923,1100,50
松屋,大阪府,松屋 岡町店,大阪府豊中市中桜塚1-1-1ティオ阪急岡町1階,1064,20230923,1060,4
松屋,沖縄県,松屋 沖縄知花店/松のや 沖縄知花店,沖縄県沖縄市知花5-16-20,980,20230923,920,60
松屋,埼玉県,松屋 桶川店,埼玉県桶川市坂田1632-1,1100,20230923,1050,50
松屋,兵庫県,松屋 加古川野口町店,兵庫県加古川市野口町坂元45-1,1050,20230923,1000,50
松屋,大阪府,松屋 河内山本店,大阪府八尾市山本町1-7-1 西田ビル1・4F,1080,20230923,1060,20
松屋,大阪府,松屋 外環八尾店/マイカリー食堂 外環八尾店,大阪府八尾市志紀町南3-190-1,1080,20230923,1060,20
松屋,静岡県,松屋 掛川SC(下り線)店,静岡県掛川市倉真5968-4,984,20230923,950,34
松屋,東京都,松屋 蒲田西口店/マイカリー食堂 蒲田西口店,東京都大田区西蒲田7-1-11,1300,20230923,1200,100
松屋,東京都,松屋 蒲田東口店,東京都大田区蒲田5-25-2 コーポ橋本1F,1300,20230923,1200,100
松屋,大阪府,松屋 関大前店,大阪府吹田市千里山東1-14-5 吉本マンション1F,1064,20230923,1050,14
松屋,大阪府,松屋 岸和田店,大阪府岸和田市土生町2-7-17,1100,20230923,1050,50
松屋,京都府,松屋 亀岡店,京都府亀岡市下矢田町2-35-5,1008,20230923,1000,8
松屋,東京都,松屋 京王つつじヶ丘店,東京都調布市東つつじヶ丘1-2-5,1200,20230923,1100,100
松屋,大阪府,松屋 京橋南店,大阪府大阪市都島区片町2-4-8 上室ビル,1064,20230923,1050,14
松屋,京都府,松屋 京都久御山店,京都府久世郡久御山町野村村東87-1,1050,20230923,1000,50
松屋,埼玉県,松屋 狭山根岸店,埼玉県狭山市根岸1-8-34,1120,20230923,1050,70
松屋,埼玉県,松屋 狭山市駅前店,埼玉県狭山市入間川1-3-2,1120,20230923,1050,70
松屋,埼玉県,松屋 狭山店,埼玉県狭山市下奥富1366-2,1120,20230923,1050,70
松屋,北海道,松屋 琴似店,北海道札幌市西区琴似一条2-6-8,1050,20230923,980,70
松屋,大阪府,松屋 近大前店,大阪府東大阪市小若江4-13-11 1F・2F,1080,20230923,1060,20
松屋,大阪府,松屋 近鉄八尾駅前店/松のや 近鉄八尾駅前店,大阪府八尾市北本町2-15-32梅村ビル1階,1080,20230923,1060,20
松屋,石川県,松屋 金沢工大前店,石川県野々市市扇が丘8-8,1100,20230923,960,140
松屋,石川県,松屋 金沢示野店,石川県金沢市戸板西1-55,1100,20230923,1000,100
松屋,石川県,松屋 金沢昌永町店,石川県金沢市昌永町18-5,1100,20230923,1000,100
松屋,石川県,松屋 金沢神谷内店,石川県金沢市神谷内町二22-1,1100,20230923,1000,100
松屋,石川県,松屋 金沢増泉店,石川県金沢市神田2-2-25,1100,20230923,1000,100
松屋,熊本県,松屋 熊本新市街店/松のや 熊本新市街店,熊本県熊本市中央区新市街9-4 熊本第一ファームビル1F,1000,20230923,900,100
松屋,滋賀県,松屋 甲賀水口店/松のや 甲賀水口店,滋賀県甲賀市水口町日電1-55,1100,20230923,1050,50
松屋,大阪府,松屋 香里園駅前店,大阪府寝屋川市香里南之町20-20,1080,20230923,1050,30
松屋,大阪府,松屋 高石店/松のや 高石店,大阪府高石市西取石8-1-14,1100,20230923,1050,50
松屋,東京都,松屋 国領店,東京都調布市国領町4-8-1,1200,20230923,1100,100
松屋,愛知県,松屋 今池店,愛知県名古屋市千種区今池5-23-14 コザキ今池ビル1F,1200,20230923,1150,50
松屋,大阪府,松屋 今里店,大阪府大阪市東成区大今里西3-5-1 イル・ソーレ今里駅前,1064,20230923,1050,14
松屋,大阪府,松屋 堺大野芝店/松のや 堺大野芝店,大阪府堺市中区大野芝137-1,1100,20230923,1050,50
松屋,大阪府,松屋 堺東銀座街店,大阪府堺市堺区中瓦町2-2-9,1100,20230923,1050,50
松屋,東京都,松屋 笹塚2丁目店,東京都渋谷区笹塚2-41-17 滝沢ビル1F,1200,20230923,1100,100
松屋,広島県,松屋 三原店/松のや 三原店,広島県三原市皆実1-25-17,1050,20230923,1000,50
松屋,三重県,松屋 三重川越町店/松のや 三重川越町店/マイカリー食堂 三重川越町店,三重県三重郡川越町大字豊田字天神491番地7（地番）,1150,20230923,1100,50
松屋,兵庫県,松屋 三木店,兵庫県三木市別所町小林734-76,1050,20230923,1000,50
松屋,福岡県,松屋 糸島店,福岡県糸島市神在西2丁目22番30号,941,20230923,920,21
松屋,愛知県,松屋 篠原橋通店/マイカリー食堂 篠原橋通店,愛知県名古屋市中川区篠原橋通2-22,1150,20230923,1100,50
松屋,大阪府,松屋 若江岩田店,大阪府東大阪市岩田町3-11-5,1080,20230923,1060,20
松屋,北海道,松屋 手稲前田店,北海道札幌市手稲区前田5条13-3-35,1050,20230923,980,70
松屋,山形県,松屋 酒田店/松のや 酒田店,山形県酒田市北新橋1-20-1,1150,20230923,1050,100
松屋,福岡県,松屋 周船寺店/松のや 周船寺店,福岡県福岡市西区周船寺3-11-10,1000,20230923,950,50
松屋,東京都,松屋 住吉店/松のや 住吉店,東京都江東区住吉2丁目6-7,1200,20230923,1150,50
松屋,大阪府,松屋 住道店,大阪府大東市浜町9-10 住道駅前ビル,1064,20230923,1050,14
松屋,愛知県,松屋 春日井店/松のや 春日井店,愛知県春日井市鳥居松町4-14,1300,20230923,1200,100
松屋,愛知県,松屋 春日井南下原町店,愛知県春日井市西山町3-20-3,1150,20230923,1100,50
松屋,埼玉県,松屋 春日部豊町店/松のや 春日部豊町店,埼玉県春日部市豊町1-27-2,1150,20230923,1100,50
松屋,大阪府,松屋 春木店,大阪府岸和田市春木若松町18-31,1100,20230923,1050,50
松屋,埼玉県,松屋 所沢若狭店,埼玉県所沢市若狭4-2453-1,1120,20230923,1050,70
松屋,埼玉県,松屋 所沢上安松店,埼玉県所沢市大字上安松822-44,1120,20230923,1050,70
松屋,埼玉県,松屋 所沢北原店/マイカリー食堂 所沢北原店,埼玉県所沢市北原町1403-9,1200,20230923,1100,100
松屋,福岡県,松屋 小倉駅前店,福岡県北九州市小倉北区京町2-5-13,1000,20230923,950,50
松屋,大阪府,松屋 庄内店,大阪府豊中市庄内西町2-22-10幸栄ビル1F,1100,20230923,1070,30
松屋,三重県,松屋 松阪大黒田店/松のや 松阪大黒田店,三重県松阪市大黒田町719-4,1100,20230923,1050,50
松屋,新潟県,松屋 上越藤野店/松のや 上越藤野店,新潟県上越市藤野新田1259,1050,20230923,1000,50
松屋,愛知県,松屋 上前津店,愛知県名古屋市中区大須4-11-9,1200,20230923,1100,100
松屋,愛知県,松屋 上飯田店,愛知県名古屋市北区上飯田通1-13,1150,20230923,1100,50
松屋,大阪府,松屋 寝屋川店,大阪府寝屋川市高宮栄町10-2,1080,20230923,1060,20
松屋,愛知県,松屋 新栄店,愛知県名古屋市中区葵1-20-19 芝電ビル1F,1200,20230923,1150,50
松屋,北海道,松屋 新琴似店/松のや 新琴似店,北海道札幌市北区新琴似6条1丁目386-1(地番),1050,20230923,1000,50
松屋,埼玉県,松屋 新所沢東口店,埼玉県所沢市松葉町10-15,1120,20230923,1050,70
松屋,東京都,松屋 森下店,東京都江東区森下2-17-1,1200,20230923,1150,50
松屋,愛知県,松屋 森孝店/松のや 森孝店,愛知県名古屋市守山区森孝4-507,1250,20230923,1150,100
松屋,兵庫県,松屋 垂水店,兵庫県神戸市垂水区神田町3番18号ラ・メール垂水1F,1100,20230923,1000,100
松屋,愛知県,松屋 瀬戸店,愛知県瀬戸市共栄通6-4,1150,20230923,1100,50
松屋,東京都,松屋 西蒲田店,東京都大田区西蒲田8-24-8,1300,20230923,1200,100
松屋,埼玉県,松屋 西所沢店/松のや 西所沢店,埼玉県所沢市上新井5-15-15,1200,20230923,1100,100
松屋,東京都,松屋 西新井店,東京都足立区西新井栄町2-3-2,1150,20230923,1100,50
松屋,福岡県,松屋 西新店/マイカリー食堂 西新店,福岡県福岡市早良区西新5丁目1-2,1000,20230923,950,50
松屋,北海道,松屋 西町店,北海道札幌市西区西町北4-1-8,1050,20230923,980,70
松屋,愛知県,松屋 青柳町店,愛知県名古屋市千種区青柳町6丁目21-1,1200,20230923,1150,50
松屋,大阪府,松屋 石橋駅前店,大阪府池田市石橋1-10-27,1070,20230923,1050,20
松屋,東京都,松屋 千駄木店,東京都文京区千駄木2-33-8,1200,20230923,1150,50
松屋,埼玉県,松屋 川越インター店,埼玉県川越市広栄町6-6,1200,20230923,1100,100
松屋,大阪府,松屋 曽根店,大阪府豊中市曽根東町2-12-14,1064,20230923,1060,4
松屋,岡山県,松屋 倉敷玉島店/松のや 倉敷玉島店,岡山県倉敷市玉島1丁目1394-2,1050,20230923,1000,50
松屋,埼玉県,松屋 草加松江店/マイカリー食堂 草加松江店,埼玉県草加市松江6丁目12-27,1150,20230923,1050,100
松屋,東京都,松屋 足立江北店,東京都足立区江北3丁目35番12号,1150,20230923,1100,50
松屋,埼玉県,松屋 大宮吉野町店,埼玉県さいたま市北区吉野町1-2-3,1150,20230923,1100,50
松屋,埼玉県,松屋 大宮奈良町店/松のや 大宮奈良町店,埼玉県さいたま市北区奈良町51-4,1150,20230923,1100,50
松屋,大阪府,松屋 大阪野田店,大阪府大阪市福島区吉野3-12-27,1150,20230923,1120,30
松屋,愛知県,松屋 大曽根北店,愛知県名古屋市北区山田町4-72,1150,20230923,1100,50
松屋,滋賀県,松屋 大津店,滋賀県大津市別保3-2-55,1050,20230923,1000,50
松屋,東京都,松屋 大島店,東京都江東区大島6-9-16,1200,20230923,1150,50
松屋,大阪府,松屋 大東御供田店,大阪府大東市御供田3-7-41,1064,20230923,1050,14
松屋,大分県,松屋 大分駅前店,大分県大分市中央町1-1-24,950,20230923,900,50
松屋,福岡県,松屋 大牟田店,福岡県大牟田市船津町459-2,1000,20230923,920,80
松屋,大阪府,松屋 谷町九丁目店,大阪府大阪市天王寺区生玉前町1-21,1064,20230923,1060,4
松屋,北海道,松屋 中の島店,北海道札幌市豊平区中の島2条6-1-6,1050,20230923,980,70
松屋,東京都,松屋 調布駅前店,東京都調布市布田1-40-10 アルソス調布駅前北口ビル,1200,20230923,1100,100
松屋,愛知県,松屋 長久手店,愛知県長久手市武蔵塚702,1150,20230923,1100,50
松屋,大阪府,松屋 長瀬店,大阪府東大阪市菱屋西1-17-14,1080,20230923,1060,20
松屋,三重県,松屋 津南店,三重県津市高茶屋小森町字丸田283-2,1100,20230923,1050,50
松屋,大阪府,松屋 鶴橋店,大阪府大阪市天王寺区下味原町3-13 鶴橋下味原ビル1F,1064,20230923,1050,14
松屋,大阪府,松屋 都島毛馬店,大阪府大阪市都島区毛馬町1-7-13,1080,20230923,1050,30
松屋,東京都,松屋 東久留米下里店,東京都東久留米市下里3-24-12,1113,20230923,1100,13
松屋,東京都,松屋 東久留米店/マイカリー食堂 東久留米店,東京都東久留米市東本町1-8 神藤ビル1F,1113,20230923,1100,13
松屋,東京都,松屋 東久留米南町店,東京都東久留米市南町4-1-8,1113,20230923,1100,13
松屋,愛知県,松屋 東郷PA（下り線）店,愛知県日進市米野木町南山978-13,1100,20230923,1000,100
松屋,愛知県,松屋 東郷PA（上り線）店,愛知県日進市米野木町南山978-12,1100,20230923,1000,100
松屋,千葉県,松屋 東船橋店,千葉県船橋市東船橋5-15-11,1100,20230923,1050,50
松屋,東京都,松屋 東大井町店,東京都品川区東大井5-21-5,1400,20230923,1250,150
松屋,大阪府,松屋 東大阪川田店/松のや 東大阪川田店,大阪府東大阪市川田1-15-8,1064,20230923,1050,14
松屋,愛知県,松屋 藤が丘店,愛知県名古屋市名東区藤が丘164番地,1150,20230923,1100,50
松屋,大阪府,松屋 藤井寺駅前店,大阪府藤井寺市岡2-7-18,1080,20230923,1060,20
松屋,北海道,松屋 南郷通店,北海道札幌市白石区南郷通9丁目南5-10,1050,20230923,1000,50
松屋,滋賀県,松屋 南草津店,滋賀県草津市東矢倉2-6-4,1100,20230923,1000,100
松屋,広島県,松屋 廿日市店,広島県廿日市市串戸1-12-5,1050,20230923,1000,50
松屋,埼玉県,松屋 入間店/松のや 入間店,埼玉県入間市宮寺3186-9,1200,20230923,1100,100
松屋,埼玉県,松屋 入間東藤沢店/松のや 入間東藤沢店,埼玉県入間市東藤沢4-2-17,1200,20230923,1100,100
松屋,愛知県,松屋 入場店/松のや 入場店,愛知県名古屋市港区入場1-1303-1,1150,20230923,1100,50
松屋,兵庫県,松屋 播磨町店,兵庫県加古郡播磨町南大中3-3-28,1050,20230923,1000,50
松屋,新潟県,松屋 柏崎店,新潟県柏崎市東柳田23-3,1050,20230923,950,100
松屋,東京都,松屋 白山店,東京都文京区向丘1-9-23,1200,20230923,1150,50
松屋,兵庫県,松屋 白鳥PA（下り線）店,兵庫県姫路市打越字南西1346,1100,20230923,1000,100
松屋,青森県,松屋 八戸城下店/松のや 八戸城下店,青森県八戸市城下4-15-16,1100,20230923,1000,100
松屋,大阪府,松屋 八尾南太子堂店/松のや 八尾南太子堂店,大阪府八尾市南太子堂6丁目76-1(地番),1080,20230923,1060,20
松屋,大阪府,松屋 八尾本町店,大阪府八尾市本町2-8-19,1080,20230923,1060,20
松屋,埼玉県,松屋 飯能双柳店,埼玉県飯能市双柳757-4,1120,20230923,1050,70
松屋,兵庫県,松屋 姫路花田店,兵庫県姫路市花田町1本松93番2 他,1050,20230923,1000,50
松屋,兵庫県,松屋 姫路飾磨店,兵庫県姫路市飾磨区今在家1066,1050,20230923,1000,50
松屋,兵庫県,松屋 姫路大手前通店,兵庫県姫路市駅前町338,1100,20230923,1000,100
松屋,大阪府,松屋 瓢箪山駅前店,大阪府東大阪市本町15-15,1080,20230923,1060,20
松屋,大阪府,松屋 浜寺店,大阪府堺市西区浜寺船尾町西5丁132-1,1100,20230923,1050,50
松屋,大阪府,松屋 布施店,大阪府東大阪市足代新町2-18,1080,20230923,1060,20
松屋,大阪府,松屋 布施南店/松のや 布施南店,大阪府東大阪市寿町3-10-19,1080,20230923,1060,20
松屋,東京都,松屋 布田店,東京都調布市布田2-47-2,1150,20230923,1100,50
松屋,東京都,松屋 武蔵小金井店,東京都小金井市本町1-18-8桜並SHビル,1113,20230923,1100,13
松屋,福井県,松屋 福井御幸店,福井県福井市御幸4-20-8,1050,20230923,1000,50
松屋,福井県,松屋 福井若杉店/松のや 福井若杉店,福井県福井市若杉4丁目715,1050,20230923,1000,50
松屋,福井県,松屋 福井大和田店,福井県福井市大和田2-1304,1050,20230923,1000,50
松屋,愛知県,松屋 平針店/松のや 平針店,愛知県名古屋市天白区平針3-117,1200,20230923,1100,100
松屋,大阪府,松屋 豊中熊野町店/マイカリー食堂 豊中熊野町店,大阪府豊中市熊野町1-1-8,1064,20230923,1060,4
松屋,大阪府,松屋 豊中上津島店,大阪府豊中市上津島3-11-25,1064,20230923,1060,4
松屋,北海道,松屋 北24条店,北海道札幌市北区北23条西4-2-41,1050,20230923,980,70
松屋,北海道,松屋 北44条店/松のや 北44条店,北海道札幌市東区北44条東1-1-30,1050,20230923,980,70
松屋,沖縄県,松屋 北谷美浜店/マイカリー食堂 北谷美浜店,沖縄県中頭郡北谷町美浜2-1-9,1000,20230923,920,80
松屋,埼玉県,松屋 北本店,埼玉県北本市深井6-151,1100,20230923,1050,50
松屋,大阪府,松屋 箕面店/マイカリー食堂 箕面店,大阪府箕面市半町3-14-20,1070,20230923,1050,20
松屋,東京都,松屋 明大前店/松のや 明大前店/マイカリー食堂 明大前店,東京都世田谷区松原1-36-7,1250,20230923,1200,50
松屋,福岡県,松屋 姪浜店,福岡県福岡市西区内浜1-7-5 ウエストコート姪浜内,1000,20230923,950,50
松屋,北海道,松屋 里塚店,北海道札幌市清田区里塚一条4-15-40,1050,20230923,980,70
松屋,三重県,松屋 鈴鹿中央通店,三重県鈴鹿市算所2-2-7,1100,20230923,1050,50
松屋,埼玉県,松屋 蓮田関山店,埼玉県蓮田市関山2-7-7,1100,20230923,1050,50
松屋,埼玉県,松屋 蓮田店,埼玉県蓮田市東5-2-9 NKB2ビル1F,1100,20230923,1050,50
松屋,京都府,松屋 六地蔵店,京都府京都市伏見区桃山町西尾10番1,1050,20230923,1000,50
松屋,大阪府,松屋 和泉中央駅店,大阪府和泉市いぶき野5-1-1,1100,20230923,1030,70
松屋,東京都,松軒中華食堂 調布店,東京都調布市布田1-40-10,1200,20230923,1100,100
すき家,青森県,すき家 つがる柏店,青森県つがる市柏稲盛幾世121-1,1080,20230923,980,100
