吉野家,千葉県,吉野家 14号線登戸店,千葉県千葉市中央区登戸2丁目3‐8,1100,20230527,1030,70
吉野家,千葉県,吉野家 14号線幕張店,千葉県千葉市花見川区幕張町1丁目7780‐1,1100,20230527,1050,50
吉野家,千葉県,吉野家 16号線下三ヶ尾店,千葉県野田市下三ケ尾404‐8,1070,20230527,1050,20
吉野家,千葉県,吉野家 16号線柏店,千葉県柏市柏931‐15,1100,20230527,1050,50
吉野家,千葉県,吉野家 16号線八千代村上店,千葉県八千代市村上1608‐1,1050,20230527,1000,50
吉野家,千葉県,吉野家 16号線野田店,千葉県野田市船形2850‐1,1070,20230527,1050,20
吉野家,大阪府,吉野家 170号線東大阪布市店,大阪府東大阪市布市町4丁目332‐1,1080,20230527,1030,50
吉野家,兵庫県,吉野家 171号線伊丹店,兵庫県伊丹市広畑2丁目34‐1,1030,20230527,980,50
吉野家,大阪府,吉野家 171号線茨木インター店,大阪府茨木市郡4丁目18‐35,1060,20230527,1030,30
吉野家,大阪府,吉野家 171号線高槻市役所前店,大阪府高槻市城西町4‐46,1060,20230527,1030,30
吉野家,沖縄県,吉野家 331号線糸満店,沖縄県糸満市潮平772‐1,900,20230527,880,20
吉野家,大阪府,吉野家 JR茨木駅前店,大阪府茨木市西駅前町5‐36,1100,20230527,1030,70
吉野家,大阪府,吉野家 JR京橋駅ホーム店,大阪府大阪市城東区新喜多1丁目2‐31,1100,20230527,1050,50
吉野家,沖縄県,吉野家 うるま志林川店,沖縄県うるま市高江洲1079‐1,900,20230527,880,20
吉野家,大阪府,吉野家 お初天神店,大阪府大阪市北区曾根崎2丁目5‐20,1200,20230527,1100,100
吉野家,千葉県,吉野家 こてはし台店,千葉県千葉市花見川区大日町1363,1050,20230527,1030,20
吉野家,千葉県,吉野家 プレナ幕張店,千葉県千葉市美浜区ひび野2丁目4,1200,20230527,1050,150
吉野家,千葉県,吉野家 ペリエ千葉店,千葉県千葉市中央区新千葉1丁目1‐1,1100,20230527,1050,50
吉野家,大阪府,吉野家 茨木真砂店,大阪府茨木市真砂1丁目2‐4,1100,20230527,1030,70
吉野家,京都府,吉野家 烏丸五条店,京都府京都市下京区高砂町381‐1,1150,20230527,1030,120
吉野家,沖縄県,吉野家 沖縄南インター店,沖縄県沖縄市上地4丁目20‐7,900,20230527,880,20
吉野家,徳島県,吉野家 沖浜南店,徳島県徳島市八万町大野178‐3,1000,20230527,950,50
吉野家,大阪府,吉野家 高槻若松町店,大阪府高槻市若松町3‐6,1060,20230527,1030,30
吉野家,京都府,吉野家 四条東洞院店,京都府京都市下京区立売西町59‐2,1150,20230527,1030,120
吉野家,大阪府,吉野家 芝田町店,大阪府大阪市北区芝田町2丁目1‐21,1200,20230527,1170,30
吉野家,愛知県,吉野家 上社店,愛知県名古屋市名東区上社2丁目241,1100,20230527,1000,100
吉野家,大阪府,吉野家 上新庄駅前店,大阪府大阪市東淀川区上新庄2丁目24‐24,1100,20230527,1030,70
吉野家,京都府,吉野家 西京極七条店,京都府京都市右京区西京極佃田町17,1100,20230527,1050,50
吉野家,大阪府,吉野家 摂津鳥飼店,大阪府摂津市鳥飼上4丁目1‐38,1100,20230527,1030,70
吉野家,大阪府,吉野家 摂津別府店,大阪府摂津市東別府3丁目6‐12,1100,20230527,1030,70
吉野家,千葉県,吉野家 千葉モノレール天台駅前店,千葉県千葉市稲毛区轟町5丁目5‐24,1050,20230527,1030,20
吉野家,愛知県,吉野家 打越店,愛知県名古屋市千種区星ヶ丘2丁目80,1100,20230527,1000,100
吉野家,大阪府,吉野家 大手前店,大阪府大阪市中央区谷町2丁目7‐6,1150,20230527,1100,50
吉野家,大阪府,吉野家 中環学園町店,大阪府摂津市学園町1丁目7‐44,1100,20230527,1030,70
吉野家,愛知県,吉野家 長久手南店,愛知県長久手市市が洞3丁目1802,1100,20230527,1000,100
吉野家,大阪府,吉野家 天神橋六丁目店,大阪府大阪市北区天神橋6丁目6‐19,1150,20230527,1100,50
吉野家,千葉県,吉野家 東我孫子店,千葉県我孫子市東我孫子2‐36‐25,1050,20230527,1030,20
吉野家,福岡県,吉野家 東光寺店,福岡県福岡市博多区東光寺町1丁目5‐2,1000,20230527,950,50
吉野家,沖縄県,吉野家 那覇東バイパス国場店,沖縄県那覇市字国場333‐1,900,20230527,880,20
吉野家,千葉県,吉野家 柏西口店,千葉県柏市旭町1丁目4‐18,1100,20230527,1050,50
吉野家,千葉県,吉野家 柏東口店,千葉県柏市柏1丁目5‐19,1100,20230527,1050,50
吉野家,千葉県,吉野家 八千代台西口店,千葉県八千代市八千代台西1丁目10,1050,20230527,1000,50
吉野家,千葉県,吉野家 八千代緑が丘店,千葉県八千代市緑が丘西1丁目13‐2,1050,20230527,1000,50
吉野家,静岡県,吉野家 浜松志都呂店,静岡県浜松市西区志都呂1丁目32‐10,1050,20230527,1000,50
吉野家,沖縄県,吉野家 泡瀬ベイストリート店,沖縄県沖縄市泡瀬4丁目20‐11,900,20230527,880,20
吉野家,沖縄県,吉野家 名護バイパス店,沖縄県名護市大北5丁目22‐23,950,20230527,900,50
吉野家,徳島県,吉野家 藍住町店,徳島県板野郡藍住町東中富北傍示28‐1,1000,20230527,950,50
吉野家,千葉県,吉野家 流山店,千葉県流山市加4‐1643,1100,20230527,1030,70
吉野家,岐阜県,吉野家 屏風山PA上り店,岐阜県瑞浪市土岐町3282‐5,1200,20230527,1000,200
松屋,埼玉県,すし松 エキアプレミエ和光市駅店,埼玉県和光市本町4-7,1200,20230527,1100,100
松屋,埼玉県,すし松 大宮店,埼玉県さいたま市大宮区宮町1-50-2 いとや宮町ビル1F,1200,20230527,1100,100
松屋,東京都,すし松 練馬店,東京都練馬区豊玉北5-18-11,1250,20230527,1200,50
