松屋,福島県,松屋 エイトタウン本宮店,福島県本宮市荒井字久保田132-8-5   ,920,20220903,900,20
松屋,神奈川,松屋 磯子店,神奈川県横浜市磯子区森1-7-3,1100,20220903,1040,60
松屋,東京都,松屋 羽村店,東京都羽村市五ノ神4-15-11 シティープラザはむら1F,1100,20220903,1050,50
松屋,東京都,松屋 京王八王子店,東京都八王子市東町1-1-20第6岩下ビル1F,1100,20220903,1080,20
松屋,神奈川,松屋 金沢八景店/マイカリー食堂 金沢八景店,神奈川県横浜市金沢区瀬戸16-38,1100,20220903,1040,60
松屋,福島県,松屋 郡山コスモス通店,福島県郡山市堤3-180,920,20220903,900,20
松屋,福島県,松屋 郡山駅前店,福島県郡山市駅前2-3-9 東京萬ビル,920,20220903,900,20
松屋,福島県,松屋 郡山芳賀店,福島県郡山市芳賀3-1-23,920,20220903,900,20
松屋,神奈川,松屋 港南台店,神奈川県横浜市港南区港南台4-1-1,1100,20220903,1040,60
松屋,東京都,松屋 昭島松原町店,東京都昭島市松原町1-6-13 AGスクウェアビル1F,1100,20220903,1050,50
松屋,神奈川,松屋 湘南台店,神奈川県藤沢市湘南台2-5-9,1100,20220903,1040,60
松屋,福島県,松屋 城清水店,福島県郡山市南1-2,920,20220903,900,20
松屋,神奈川,松屋 新杉田店,神奈川県横浜市磯子区新杉田町3-1,1100,20220903,1040,60
松屋,神奈川,松屋 逗子店,神奈川県逗子市逗子2-6-29,1100,20220903,1040,60
松屋,東京都,松屋 西八王子店,東京都八王子市台町4-47-11 飯田ビル1F,1100,20220903,1080,20
松屋,神奈川,松屋 大和渋谷店,神奈川県大和市渋谷5-4-1,1100,20220903,1040,60
松屋,神奈川,松屋 長後店,神奈川県藤沢市下土棚509-10,1100,20220903,1040,60
松屋,神奈川,松屋 追浜店,神奈川県横須賀市追浜町3-13-13,1100,20220903,1040,60
松屋,神奈川,松屋 藤沢石川店,神奈川県藤沢市石川2-1-1 セレーノ湘南1F,1100,20220903,1050,50
松屋,東京都,松屋 日野神明店,東京都日野市神明2-1-1,1100,20220903,1080,20
松屋,東京都,松屋 日野店,東京都日野市大坂上1-30-24,1100,20220903,1080,20
松屋,福島県,松屋 白河店,福島県西白河郡西郷村字豊作東1,920,20220903,900,20
松屋,東京都,松屋 八王子店,東京都八王子市旭町7-1 豊栄ビル,1100,20220903,1080,20
松屋,東京都,松屋 福生志茂店,東京都福生市志茂36-4,1100,20220903,1050,50
松屋,東京都,松屋 福生店,東京都福生市東町3-10 栄和ビル1F,1100,20220903,1050,50
松屋,東京都,松屋 豊田店,東京都日野市多摩平1-2-1,1100,20220903,1080,20
松屋,福島県,松屋 本内店,福島県福島市本内字松川畑2-2,920,20220903,900,20
松屋,東京都,松屋 立川錦町店,東京都立川市錦町2-1-3 ,1200,20220903,1100,100
松屋,東京都,松屋 立川柴崎町店/松のや 立川柴崎町店,東京都立川市柴崎町6-10-8,1200,20220903,1100,100
松屋,東京都,松屋 立川店/マイカリー食堂 立川店,東京都立川市曙町2-12-15 立川金水ビル1F,1200,20220903,1100,100
松屋,東京都,松屋 立川北口店,東京都立川市曙町2丁目3番地3,1200,20220903,1100,100
すき家,鹿児島,すき家 10号姶良宮島店,鹿児島県姶良市西餠田522-2,950,20220903,920,30
すき家,香川県,すき家 11号高松檀紙店,香川県高松市檀紙町1513-5,980,20220903,950,30
すき家,愛媛県,すき家 11号新居浜外山店,愛媛県新居浜市外山町甲18-28,1030,20220903,980,50
すき家,山口県,すき家 188号光浅江店,山口県光市浅江1-11-7,980,20220903,950,30
すき家,山口県,すき家 188号柳井店,山口県柳井市南町3-7-1,980,20220903,940,40
すき家,三重県,すき家 1国四日市八田店,三重県四日市市八田3-2-24,1080,20220903,1030,50
すき家,熊本県,すき家 219号人吉店,熊本県人吉市下薩摩瀬町1587-5,950,20220903,930,20
すき家,鹿児島,すき家 226号指宿店,鹿児島県指宿市西方2164-1,920,20220903,880,40
すき家,鹿児島,すき家 268号伊佐店,鹿児島県伊佐市大口里801-1,950,20220903,900,50
すき家,鹿児島,すき家 270号南さつま店,鹿児島県南さつま市加世田本町13-5,920,20220903,900,20
すき家,山口県,すき家 2国岩国室の木店,山口県岩国市室の木町1-8-38,980,20220903,960,20
すき家,広島県,すき家 2国大竹西栄店,広島県大竹市西栄1-7-13,980,20220903,950,30
すき家,広島県,すき家 31号呉海岸通り店,広島県呉市海岸1-7-12,980,20220903,950,30
すき家,三重県,すき家 365号四日市野田店,三重県四日市市野田2-2-34,1080,20220903,1030,50
すき家,熊本県,すき家 3号水俣店,熊本県水俣市百間町1-12-1,920,20220903,880,40
すき家,鳥取県,すき家 431号境港店,鳥取県境港市財ノ木町236-4,1000,20220903,950,50
すき家,鳥取県,すき家 431号米子日吉津店,鳥取県西伯郡日吉津村日吉津1305-1,1000,20220903,950,50
すき家,愛媛県,すき家 56号伊予松前店,愛媛県伊予郡松前町大字恵久美617-1,1000,20220903,950,50
すき家,愛媛県,すき家 56号宇和島宮下店,愛媛県宇和島市宮下字太田甲191-1,1000,20220903,950,50
すき家,沖縄県,すき家 58号北谷店,沖縄県中頭郡北谷町北谷2-12-6第5松栄ビル1F,1000,20220903,930,70
すき家,島根県,すき家 9号安来店,島根県安来市黒井田町452-17,980,20220903,930,50
すき家,鳥取県,すき家 イオンモール日吉津店,鳥取県西伯郡日吉津村日吉津1160-1,1000,20220903,950,50
すき家,東京都,すき家 イトーヨーカドー国領店,東京都調布市国領町8-2-64イト-ヨ-カド-国領店1F,1120,20220903,1080,40
すき家,愛知県,すき家 サカエチカ店,愛知県名古屋市中区栄3-4-6先路下の地下街路付設北第1号,1200,20220903,1100,100
すき家,愛知県,すき家 セントラルパーク店,愛知県名古屋市中区錦3-15-13先セントラルパーク地下街内,1200,20220903,1100,100
すき家,東京都,すき家 井ノ頭通り吉祥寺店,東京都武蔵野市吉祥寺南町3-33-3,1150,20220903,1120,30
すき家,愛知県,すき家 栄三丁目店,愛知県名古屋市中区栄3-8-32山田ビル,1200,20220903,1100,100
すき家,東京都,すき家 荻窪駅西口店,東京都杉並区荻窪5-26-11マチダビル1F,1150,20220903,1120,30
すき家,東京都,すき家 荻窪三丁目店,東京都杉並区荻窪3-47-23,1150,20220903,1120,30
すき家,東京都,すき家 葛飾東新小岩店,東京都葛飾区東新小岩2-2-8,1150,20220903,1120,30
すき家,東京都,すき家 亀戸駅北口店,東京都江東区亀戸2-22-10カトウビル1F,1150,20220903,1120,30
すき家,東京都,すき家 吉祥寺南店,東京都武蔵野市吉祥寺南町1-11-1,1150,20220903,1120,30
すき家,東京都,すき家 京王リトナード東府中店,東京都府中市清水ヶ丘1-8-3京王リトナード東府中1F,1120,20220903,1080,40
すき家,東京都,すき家 錦糸公園前店,東京都墨田区太平3-4-8グレイスMM1F,1150,20220903,1120,30
すき家,東京都,すき家 江戸川興宮店,東京都江戸川区興宮町33-17,1150,20220903,1120,30
すき家,東京都,すき家 江東区役所前店,東京都江東区東陽4-10-7,1150,20220903,1120,30
すき家,東京都,すき家 江東千石店,東京都江東区千石2-9-9,1150,20220903,1120,30
すき家,東京都,すき家 甲州街道柴崎店,東京都調布市菊野台1-47-1,1120,20220903,1080,40
すき家,東京都,すき家 高円寺駅南口店,東京都杉並区高円寺南4-45-2メインロードビル1F,1150,20220903,1120,30
すき家,香川県,すき家 坂出横津店,香川県坂出市横津町3-2-15,1000,20220903,950,50
すき家,愛媛県,すき家 四国中央川之江店,愛媛県四国中央市川之江町314-1,1050,20220903,1000,50
すき家,三重県,すき家 四日市塩浜店,三重県四日市市塩浜本町1-9-5,1100,20220903,1030,70
すき家,三重県,すき家 四日市芝田店,三重県四日市市芝田1-5-5,1080,20220903,1030,50
すき家,三重県,すき家 四日市西日野店,三重県四日市市西日野町字八幡5031-1,1080,20220903,1030,50
すき家,三重県,すき家 四日市泊店,三重県四日市市泊町2-34,1080,20220903,1030,50
すき家,東京都,すき家 柴又街道小岩店,東京都江戸川区東小岩6-3-5,1150,20220903,1120,30
すき家,東京都,すき家 渋谷円山町店,東京都渋谷区円山町28-4大場ビル1F,1300,20220903,1220,80
すき家,東京都,すき家 渋谷桜丘店,東京都渋谷区桜丘町15-19,1300,20220903,1220,80
すき家,東京都,すき家 渋谷南平台店,東京都渋谷区南平台町1-10いちご南平台ビル1F,1300,20220903,1220,80
すき家,東京都,すき家 渋谷二丁目店,東京都渋谷区渋谷2-12-13八千代ビル1F,1300,20220903,1220,80
すき家,福岡県,すき家 小倉北神岳店,福岡県北九州市小倉北区神岳2-6-30,950,20220903,920,30
すき家,愛知県,すき家 上前津駅南店,愛知県名古屋市中区上前津1-4-12上前津グリーンビル,1200,20220903,1100,100
すき家,東京都,すき家 上池袋二丁目店,東京都豊島区上池袋2-40-10ニューキャッスル上池袋1F,1200,20220903,1150,50
すき家,愛媛県,すき家 新居浜高木店,愛媛県新居浜市高木町2-11,1030,20220903,980,50
すき家,東京都,すき家 新高円寺東店,東京都杉並区梅里1-7-17,1150,20220903,1120,30
すき家,東京都,すき家 新小岩店,東京都葛飾区西新小岩1-9-7,1150,20220903,1120,30
すき家,東京都,すき家 神宮前三丁目店,東京都渋谷区神宮前3-23-3トリニティビル1F,1300,20220903,1220,80
すき家,東京都,すき家 仙川店,東京都調布市仙川町1-11-13大平ビル1F,1120,20220903,1080,40
すき家,東京都,すき家 代々木一丁目店,東京都渋谷区代々木1-37-6,1300,20220903,1220,80
すき家,東京都,すき家 池上通り中央店,東京都大田区中央7-3-1カバヤビル1F,1200,20220903,1150,50
すき家,東京都,すき家 池袋サンシャイン前店,東京都豊島区東池袋4-25-9タイムズステーション池袋,1200,20220903,1150,50
すき家,東京都,すき家 池袋西店,東京都豊島区西池袋2-39-11,1200,20220903,1150,50
すき家,東京都,すき家 東高円寺駅前店,東京都杉並区高円寺南1-7-1陽輪台高円寺1F,1150,20220903,1120,30
すき家,東京都,すき家 東池袋五丁目店,東京都豊島区東池袋5-7-7金誠堂ビル1F,1200,20220903,1150,50
すき家,東京都,すき家 東池袋店,東京都豊島区東池袋1-31-1バロックコート101号室,1200,20220903,1150,50
すき家,山口県,すき家 南岩国店,山口県岩国市尾津町2-20-33,980,20220903,960,20
すき家,東京都,すき家 南砂店,東京都江東区南砂5-14-6サーハンビル,1150,20220903,1100,50
すき家,東京都,すき家 日の出IC店,東京都西多摩郡日の出町平井15-16,1120,20220903,1080,40
すき家,福岡県,すき家 博多BP店,福岡県福岡市東区原田3-9-22,980,20220903,950,30
すき家,熊本県,すき家 八代新地町店,熊本県八代市新地町10-2,1000,20220903,950,50
すき家,東京都,すき家 飛田給店,東京都調布市飛田給1-23-38荒井ビル,1120,20220903,1080,40
すき家,東京都,すき家 品川シーサイド店,東京都品川区東品川4-12-4品川シーサイドパークタワー1階,1300,20220903,1200,100
すき家,東京都,すき家 府中栄店,東京都府中市栄町2-22-1,1120,20220903,1080,40
すき家,東京都,すき家 府中浅間店,東京都府中市浅間町4-19-1,1120,20220903,1080,40
すき家,東京都,すき家 府中本宿店,東京都府中市本宿町4-29-1,1120,20220903,1080,40
すき家,東京都,すき家 武蔵小山店,東京都品川区小山3-25-13,1200,20220903,1150,50
すき家,愛知県,すき家 伏見通り栄店,愛知県名古屋市中区栄1-24-7,1200,20220903,1100,100
すき家,福岡県,すき家 福岡空港店,福岡県糟屋郡志免町別府北1-3-18,980,20220903,950,30
すき家,鳥取県,すき家 米子中央店,鳥取県米子市西福原1-1-45,1000,20220903,950,50
すき家,東京都,すき家 木場店,東京都江東区木場5-11-19達摩堂ビル1F,1150,20220903,1100,50
すき家,徳島県,すき家 藍住笠木店,徳島県板野郡藍住町笠木字中野71-2,980,20220903,950,30
