吉野家,山形県,吉野家 7号線酒田東町店,山形県酒田市東町2丁目1‐2,1000,20220514,900,100
吉野家,山形県,吉野家 7号線鶴岡店,山形県鶴岡市美咲町21‐8,1200,20220514,1000,200
吉野家,愛知県,吉野家 名岐一宮店,愛知県一宮市富士3丁目3‐6,1200,20220514,1000,200
松屋,埼玉県,すし松 エキアプレミエ和光市駅店,埼玉県和光市本町4-7,1100,20220514,1000,100
松屋,東京都,マイカリー食堂 高田馬場店,東京都新宿区高田馬場1-26-12,1100,20220514,1050,50
松屋,東京都,マイカリー食堂 練馬高野台店,東京都練馬区高野台1-7-20,1100,20220514,1050,50
松屋,愛知県,松屋 一宮店,愛知県一宮市赤見1-2-4,1050,20220514,980,70
松屋,愛知県,松屋 栄三丁目店,愛知県名古屋市中区栄3-13-11,1100,20220514,1030,70
松屋,埼玉県,松屋 越谷駅前店,埼玉県越谷市弥生町3-24,1000,20220514,980,20
松屋,埼玉県,松屋 越谷下間久里店,埼玉県越谷市下間久里980-1,1000,20220514,980,20
松屋,埼玉県,松屋 越谷蒲生店,埼玉県越谷市蒲生南町15-4,1000,20220514,980,20
松屋,岐阜県,松屋 岐阜茜部店,岐阜県岐阜市茜部本郷3-159-3,1030,20220514,950,80
松屋,岐阜県,松屋 岐阜鏡島店,岐阜県岐阜市鏡島2009-1,1030,20220514,950,80
松屋,岐阜県,松屋 岐阜則武店,岐阜県岐阜市則武西2-19-16,1030,20220514,950,80
松屋,新潟県,松屋 亀田インター店,新潟県新潟市中央区姥ケ山63-1,950,20220514,900,50
松屋,埼玉県,松屋 吉川店,埼玉県吉川市木売1-4-11,1000,20220514,980,20
松屋,滋賀県,松屋 五個荘店,滋賀県東近江市五個荘簗瀬町上川原5-2,1000,20220514,950,50
松屋,大阪府,松屋 江坂駅前店,大阪府吹田市豊津町14-31由谷エムワイビル,1050,20220514,1000,50
松屋,愛知県,松屋 江南店,愛知県江南市高屋町西町112,1050,20220514,980,70
松屋,滋賀県,松屋 甲賀水口店/松のや 甲賀水口店,滋賀県甲賀市水口町日電1-55,1000,20220514,950,50
松屋,愛知県,松屋 今池店,愛知県名古屋市千種区今池5-23-14  コザキ今池ビル1F,1100,20220514,1030,70
松屋,東京都,松屋 鷺宮店,東京都中野区鷺ノ宮3-18-3 エレガンス鷺ノ宮1F,1100,20220514,1050,50
松屋,埼玉県,松屋 三郷店,埼玉県三郷市三郷2-1-4 ふじプラザビル,1000,20220514,980,20
松屋,愛知県,松屋 春日井店,愛知県春日井市鳥居松町4-14,1050,20220514,1030,20
松屋,愛知県,松屋 春日井南下原町店,愛知県春日井市西山町3-20-3,1050,20220514,1030,20
松屋,埼玉県,松屋 春日部店,埼玉県春日部市中央1-2-6  M6ビル  1F,1000,20220514,980,20
松屋,埼玉県,松屋 春日部豊町店,埼玉県春日部市豊町1-27-2,1000,20220514,980,20
松屋,愛知県,松屋 小牧店,愛知県小牧市小木東1-146,1050,20220514,980,70
松屋,埼玉県,松屋 松原団地店,埼玉県草加市栄町3-1-9,1000,20220514,980,20
松屋,東京都,松屋 沼袋店,東京都中野区沼袋3-4-18,1100,20220514,1050,50
松屋,新潟県,松屋 上越藤野店/松のや 上越藤野店,新潟県上越市藤野新田1259,950,20220514,920,30
松屋,愛知県,松屋 上飯田店,愛知県名古屋市北区上飯田通1-13,1050,20220514,1030,20
松屋,愛知県,松屋 新栄店,愛知県名古屋市中区葵1-20-19  芝電ビル1F,1100,20220514,1030,70
松屋,新潟県,松屋 新潟駅前店,新潟県新潟市中央区東大通1-6-1,950,20220514,900,50
松屋,新潟県,松屋 新潟見附店/マイカリー食堂 新潟見附店,新潟県見附市上新田町字下野沖514-1,950,20220514,920,30
松屋,新潟県,松屋 新潟女池店,新潟県新潟市中央区女池5-7-1,950,20220514,900,50
松屋,新潟県,松屋 新潟米山店,新潟県新潟市中央区米山5-14-5,950,20220514,900,50
松屋,新潟県,松屋 新潟豊栄店,新潟県新潟市北区かぶとやま2-2-58,950,20220514,900,50
松屋,新潟県,松屋 新潟万代シテイ店,新潟県新潟市中央区万代1-1-22,950,20220514,900,50
松屋,大阪府,松屋 新大阪東口店,大阪府大阪市東淀川区東中島1-20-9 新大阪池永ビル,1050,20220514,1000,50
松屋,新潟県,松屋 新発田店/松のや 新発田店,新潟県新発田市小舟町1-7-6,950,20220514,920,30
松屋,愛知県,松屋 森孝店,愛知県名古屋市守山区森孝4-507,1050,20220514,1000,50
松屋,愛知県,松屋 瀬戸店,愛知県瀬戸市共栄通6-4,1050,20220514,1000,50
松屋,愛知県,松屋 青柳町店,愛知県名古屋市千種区青柳町6丁目21-1,1100,20220514,1030,70
松屋,埼玉県,松屋 川口栄町店,埼玉県川口市栄町3-14-1,1100,20220514,1050,50
松屋,埼玉県,松屋 川口駅前店,埼玉県川口市川口1-1-1 CuPo・La専門店A105,1100,20220514,1000,100
松屋,埼玉県,松屋 草加清門町店,埼玉県草加市清門1丁目423-1,1000,20220514,980,20
松屋,埼玉県,松屋 草加西口店,埼玉県草加市氷川町2125-4 ウシヤマビル,1000,20220514,980,20
松屋,埼玉県,松屋 草加店,埼玉県草加市北谷町1-2-14,1000,20220514,980,20
松屋,埼玉県,松屋 草加東口店,埼玉県草加市高砂2-18-9,1000,20220514,980,20
松屋,岐阜県,松屋 多治見店,岐阜県多治見市白山町4-5,1050,20220514,1000,50
松屋,岐阜県,松屋 大垣店,岐阜県大垣市禾森町5-19,1030,20220514,950,80
松屋,愛知県,松屋 大曽根北店,愛知県名古屋市北区山田町4-72,1050,20220514,1030,20
松屋,愛知県,松屋 大津通錦店,愛知県名古屋市中区錦3-7-1,1100,20220514,1030,70
松屋,滋賀県,松屋 大津店,滋賀県大津市別保3-2-55,1000,20220514,950,50
松屋,東京都,松屋 中井店,東京都新宿区上落合2-20-3,1100,20220514,1050,50
松屋,大阪府,松屋 中崎町店,大阪府大阪市北区中崎1-6-15 中崎1丁目くさかビル1・2F,1050,20220514,1000,50
松屋,新潟県,松屋 長岡堺東町店,新潟県長岡市堺東町7,950,20220514,920,30
松屋,新潟県,松屋 長岡店/松のや 長岡店,新潟県長岡市新組町2281-1,950,20220514,920,30
松屋,愛知県,松屋 長久手店,愛知県長久手市武蔵塚702,1050,20220514,1000,50
松屋,大阪府,松屋 都島毛馬店,大阪府大阪市都島区毛馬町1-7-13,1050,20220514,1000,50
松屋,東京都,松屋 都立家政店,東京都中野区鷺宮3-6-1 岡田ビル,1100,20220514,1050,50
松屋,愛知県,松屋 藤が丘店,愛知県名古屋市名東区藤が丘164番地,1050,20220514,1000,50
松屋,埼玉県,松屋 南浦和店,埼玉県さいたま市南区南浦和2-36-16 田中ビル,1100,20220514,1000,100
松屋,埼玉県,松屋 南越谷店,埼玉県越谷市南越谷1-19-8 吉澤第一ビル1F,1000,20220514,980,20
松屋,大阪府,松屋 南森町駅前店,大阪府大阪市北区天神橋2丁目北1-3,1050,20220514,1000,50
松屋,滋賀県,松屋 南草津店,滋賀県草津市東矢倉2-6-4,1000,20220514,950,50
松屋,新潟県,松屋 柏崎店,新潟県柏崎市東柳田23-3,950,20220514,920,30
松屋,大阪府,松屋 肥後橋店,大阪府大阪市西区江戸堀1-2-14 肥後橋官報ビル,1100,20220514,1050,50
松屋,滋賀県,松屋 彦根店,滋賀県彦根市東沼波町125-1,1000,20220514,950,50
松屋,愛知県,松屋 豊山店,愛知県西春日井郡豊山町大字豊場字栄81,1050,20220514,980,70
松屋,岐阜県,松屋 北方町店,岐阜県本巣郡北方町高屋伊勢田2-74-1,1030,20220514,950,80
松屋,東京都,松屋 野方店,東京都中野区野方5-30-1   1・2F,1100,20220514,1050,50
松屋,長野県,松乃家 上田店,長野県上田市国分1-9-8,950,20220514,900,50
すき家,岡山県,すき家 瀬戸内邑久店,岡山県瀬戸内市邑久町豊原90-3,1080,20220514,980,100
