松屋,東京都,cafe terrasse verte（カフェ・テラス・ヴェルト）,東京都武蔵野市中町1-14-5 2F,1200,20230408,1100,100
松屋,大阪府,松のや なんさん通り店,大阪府大阪市中央区難波千日前8-12ショッププランナー国際東ビル,1300,20230408,1200,100
松屋,大阪府,松屋 あびこ店/松のや あびこ店,大阪府大阪市住吉区苅田5-19-17 メトロアビコ1F,1150,20230408,1100,50
松屋,東京都,松屋 サテライト住吉店,東京都江東区千田21-5 桂林ビル101号,1200,20230408,1100,100
松屋,兵庫県,松屋 ユニゾイン神戸三宮店,兵庫県神戸市中央区布引町2-1-9 ユニゾイン神戸三宮1F,1050,20230408,1000,50
松屋,東京都,松屋 阿佐ヶ谷店,東京都杉並区阿佐ヶ谷北2-1-10,1300,20230408,1200,100
松屋,大阪府,松屋 阿倍野店,大阪府大阪市阿倍野区阿倍野筋2-4-49,1100,20230408,1070,30
松屋,東京都,松屋 荻窪西口店,東京都杉並区上荻1-16-3,1300,20230408,1200,100
松屋,東京都,松屋 荻窪北口店,東京都杉並区上荻1-6-2,1300,20230408,1200,100
松屋,神奈川,松屋 海老名河原口店/松のや 海老名河原口店,神奈川県海老名市河原口4-7-3,1200,20230408,1100,100
松屋,神奈川,松屋 海老名店,神奈川県海老名市中央2-1-5 パインビル1F,1200,20230408,1100,100
松屋,大阪府,松屋 萱島店,大阪府門真市上島町46-7,1100,20230408,1060,40
松屋,神奈川,松屋 関内ベイスターズ通り店,神奈川県横浜市中区常盤町2-10 常盤不動産 ビル1F,1200,20230408,1150,50
松屋,大阪府,松屋 岸里店,大阪府大阪市西成区潮路1-10-1 林 岸里駅前ビル,1100,20230408,1050,50
松屋,大阪府,松屋 喜連瓜破店,大阪府大阪市平野区喜連2-5-47 村瀬ビル1F,1100,20230408,1050,50
松屋,京都府,松屋 吉祥院店,京都府京都市南区吉祥院西ノ茶屋町63番,1100,20230408,1000,100
松屋,東京都,松屋 吉祥寺南口店,東京都武蔵野市吉祥寺南町1-5-5 1F,1250,20230408,1200,50
松屋,東京都,松屋 駒込店,東京都豊島区駒込1-38-3 小宮山駒込ビル1.2F,1200,20230408,1100,100
松屋,兵庫県,松屋 元町東口店,兵庫県神戸市中央区北長狭通4丁目1-12 鯉川ビル,1050,20230408,1000,50
松屋,兵庫県,松屋 御影店,兵庫県神戸市東灘区御影中町1-6-6 シティーホームズ御影,1050,20230408,1000,50
松屋,大阪府,松屋 御崎店,大阪府大阪市住之江区御崎7-15-21,1100,20230408,1050,50
松屋,大阪府,松屋 香里園駅前店,大阪府寝屋川市香里南之町20-20,1050,20230408,1030,20
松屋,東京都,松屋 高円寺店,東京都杉並区高円寺北3-22-16 1F,1300,20230408,1200,100
松屋,東京都,松屋 高島平駅前店,東京都板橋区高島平8-3-3,1200,20230408,1100,100
松屋,東京都,松屋 高島平店,東京都板橋区高島平2-1-4,1200,20230408,1100,100
松屋,東京都,松屋 国分寺西元町店,東京都国分寺市西元町2-9-25,1250,20230408,1150,100
松屋,東京都,松屋 国分寺北口店,東京都国分寺市本町2-2-1 cocobunji EAST106,1250,20230408,1200,50
松屋,東京都,松屋 三鷹南口店,東京都三鷹市下連雀3-34-22 ,1250,20230408,1200,50
松屋,兵庫県,松屋 三田駅前町店,兵庫県三田市駅前町19-10,1050,20230408,1000,50
松屋,京都府,松屋 山科店,京都府京都市山科区安朱中小路町3-2,1030,20230408,1000,30
松屋,東京都,松屋 志村坂上店,東京都板橋区小豆沢3-6-3 糠賀第二ビル1F,1200,20230408,1100,100
松屋,大阪府,松屋 守口市駅前店,大阪府守口市桜町9-8,1080,20230408,1050,30
松屋,大阪府,松屋 住之江公園店,大阪府大阪市住之江区新北島1-1-7 ビックドックプラザ1F,1100,20230408,1050,50
松屋,千葉県,松屋 松戸七畝割店,千葉県松戸市松戸2303-16,1200,20230408,1120,80
松屋,千葉県,松屋 松戸店,千葉県松戸市本町1-18 第37東京ビル,1200,20230408,1120,80
松屋,大阪府,松屋 寝屋川店,大阪府寝屋川市高宮栄町10-2,1060,20230408,1030,30
松屋,東京都,松屋 新高円寺店,東京都杉並区高円寺南2-20-2,1300,20230408,1150,150
松屋,兵庫県,松屋 新在家店,兵庫県神戸市灘区浜田町3-5-8 アーバンヴィレッジ六甲南,1050,20230408,1000,50
松屋,千葉県,松屋 新松戸西口店,千葉県松戸市新松戸2-21-103,1200,20230408,1120,80
松屋,東京都,松屋 新中野鍋屋横丁店,東京都中野区本町4-30-22,1300,20230408,1150,150
松屋,大阪府,松屋 深江橋店,大阪府大阪市東成区深江北2-9-24 コルタ深江橋,1100,20230408,1050,50
松屋,東京都,松屋 深大寺3丁目店,東京都三鷹市深大寺3-8-7,1250,20230408,1200,50
松屋,東京都,松屋 深大寺店,東京都調布市深大寺北町4-30-3,1250,20230408,1200,50
松屋,兵庫県,松屋 神戸伊川谷店/マイカリー食堂 神戸伊川谷店,兵庫県神戸市西区伊川谷町有瀬1304,1100,20230408,1000,100
松屋,兵庫県,松屋 神戸玉津店,兵庫県神戸市西区枝吉5丁目147番,1100,20230408,1000,100
松屋,兵庫県,松屋 神戸元町店,兵庫県神戸市中央区元町通2-8-14 オルタンシアビル1F,1050,20230408,1000,50
松屋,兵庫県,松屋 神戸新開地店/松のや 神戸新開地店,兵庫県神戸市兵庫区新開地4-6-26,1100,20230408,1000,100
松屋,大阪府,松屋 針中野店,大阪府大阪市東住吉区駒川5-16-3 1.2F,1100,20230408,1050,50
松屋,東京都,松屋 西荻窪店,東京都杉並区西荻南3-11-8,1300,20230408,1200,100
松屋,東京都,松屋 西巣鴨店,東京都豊島区西巣鴨3-25-11 メトロエステート西巣鴨110・111号,1200,20230408,1100,100
松屋,千葉県,松屋 千葉店,千葉県千葉市中央区富士見2-5-16,1200,20230408,1150,50
松屋,大阪府,松屋 千林大宮店,大阪府大阪市旭区森小路2-6-1,1080,20230408,1050,30
松屋,群馬県,松屋 前橋元総社町店,群馬県前橋市元総社町90-1,1100,20230408,1080,20
松屋,群馬県,松屋 前橋三河町店,群馬県前橋市三河町2-16-16,1100,20230408,1080,20
松屋,群馬県,松屋 前橋上小出町店,群馬県前橋市上小出町2-41-7,1100,20230408,1080,20
松屋,東京都,松屋 巣鴨店/マイカリー食堂 巣鴨店,東京都豊島区巣鴨2丁目5-2,1200,20230408,1100,100
松屋,大阪府,松屋 大阪本町店,大阪府大阪市中央区南本町3-3-8,1160,20230408,1100,60
松屋,東京都,松屋 中野駅前店,東京都中野区中野5-65-5 豊島興業ビル1F,1300,20230408,1200,100
松屋,東京都,松屋 中野新橋店,東京都中野区弥生町2-23-3,1300,20230408,1150,150
松屋,東京都,松屋 中野通り店,東京都中野区中野5-68-9,1300,20230408,1200,100
松屋,東京都,松屋 中野南口店,東京都中野区中野2-29-8,1300,20230408,1200,100
松屋,東京都,松屋 中野富士見町店,東京都中野区弥生町5-27-7,1300,20230408,1150,150
松屋,大阪府,松屋 長居店,大阪府大阪市住吉区長居3-14-8,1100,20230408,1050,50
松屋,大阪府,松屋 通天閣店,大阪府大阪市浪速区恵美須西2-1-32,1100,20230408,1070,30
松屋,大阪府,松屋 天満橋店,大阪府大阪市中央区谷町2-8-1大手前M2ビル,1130,20230408,1100,30
松屋,東京都,松屋 東高円寺店,東京都杉並区高円寺南1-6-5,1300,20230408,1150,150
松屋,京都府,松屋 東寺店,京都府京都市南区西九条開ヶ町101-2,1070,20230408,1000,70
松屋,大阪府,松屋 東住吉中野店,大阪府大阪市東住吉区中野4-3-22,1100,20230408,1050,50
松屋,大阪府,松屋 東住吉湯里店,大阪府大阪市東住吉区湯里5-20-6,1100,20230408,1050,50
松屋,神奈川,松屋 東神奈川店,神奈川県横浜市神奈川区西神奈川1-20-4 加賀ビル,1200,20230408,1150,50
松屋,大阪府,松屋 南森町駅前店,大阪府大阪市北区天神橋2丁目北1-3,1160,20230408,1120,40
松屋,大阪府,松屋 南津守店,大阪府大阪市西成区南津守6-6-46,1100,20230408,1050,50
松屋,千葉県,松屋 馬橋店,千葉県松戸市馬橋117-1田口ビル,1200,20230408,1120,80
松屋,神奈川,松屋 白楽店,神奈川県横浜市神奈川区白楽118,1150,20230408,1100,50
松屋,東京都,松屋 幡ヶ谷店,東京都渋谷区幡ヶ谷2-7-1,1200,20230408,1100,100
松屋,大阪府,松屋 肥後橋店,大阪府大阪市西区江戸堀1-2-14 肥後橋官報ビル,1160,20230408,1150,10
松屋,東京都,松屋 布田店,東京都調布市布田2-47-2,1100,20230408,1072,28
松屋,大阪府,松屋 放出店,大阪府大阪市鶴見区今津南1-7-29,1070,20230408,1050,20
松屋,東京都,松屋 方南町駅前店,東京都杉並区方南2-13-11 やま小屋方南ビル,1300,20230408,1150,150
松屋,千葉県,松屋 北松戸店,千葉県松戸市上本郷904-6 堀ビル1F,1200,20230408,1120,80
松屋,東京都,松屋 本蓮沼店,東京都板橋区泉町6番11号,1200,20230408,1100,100
松屋,大阪府,松屋 枚方店,大阪府枚方市岡東町5-24,1100,20230408,1060,40
松屋,東京都,松屋 明大前店,東京都世田谷区松原1-36-7 TRN明大前,1300,20230408,1200,100
松屋,大阪府,松屋 門真店/マイカリー食堂 門真店,大阪府門真市下島町30-13,1080,20230408,1030,50
松屋,大阪府,松屋 淀屋橋店,大阪府大阪市中央区北浜3-2-25 京阪淀屋橋ビル,1160,20230408,1150,10
松屋,京都府,松屋 立命館大前店,京都府京都市北区平野宮西町117-3,1100,20230408,1000,100
松屋,東京都,松屋 蓮根店,東京都板橋区蓮根2-31-3,1200,20230408,1100,100
松屋,兵庫県,松屋 六甲道店,兵庫県神戸市灘区備後町3丁目2-16 タウンコート六甲,1050,20230408,1000,50
すき家,熊本県,すき家 387号合志店,熊本県合志市御代志1736-4番地番号5,970,20230408,920,50
