松屋,兵庫県,松のや 権現湖PA(下り線)店,兵庫県加古川市志方町野尻769-14,1050,20220423,1000,50
松屋,京都府,松のや 向日町店,京都府向日市上植野町南淀井4,1000,20220423,980,20
松屋,京都府,松のや 松井山手店,京都府京田辺市山手西2-1-1,980,20220423,950,30
松屋,京都府,松のや 長岡天神店,京都府長岡京市天神1-30-1,980,20220423,950,30
松屋,京都府,松のや 椥辻店,京都府京都市山科区椥辻東潰34-2,1000,20220423,950,50
松屋,東京都,松屋 阿佐ヶ谷店,東京都杉並区阿佐ヶ谷北2-1-1,1200,20220423,1100,100
松屋,群馬県,松屋 伊勢崎宮子町店/松のや 伊勢崎宮子町店,群馬県伊勢崎市宮子町3426-1,1000,20220423,950,50
松屋,群馬県,松屋 伊勢崎上泉町店,群馬県伊勢崎市上泉町175番4,1000,20220423,950,50
松屋,東京都,松屋 荻窪西口店,東京都杉並区上荻1-16-3,1200,20220423,1100,100
松屋,東京都,松屋 荻窪北口店,東京都杉並区上荻1-6-2,1200,20220423,1100,100
松屋,山口県,松屋 下関稗田店,山口県下関市稗田中町9-31,950,20220423,860,90
松屋,東京都,松屋 下北沢店,東京都世田谷区北沢2-19-13 松本ビル1F,1250,20220423,1150,100
松屋,群馬県,松屋 館林店,群馬県館林市松原3丁目16番5,1000,20220423,900,100
松屋,東京都,松屋 恵比寿西店,東京都渋谷区恵比寿西1-10-8,1200,20220423,1150,50
松屋,兵庫県,松屋 権現湖PA(上り線)店,兵庫県加古川市平荘町中山1001-26,1050,20220423,1000,50
松屋,神奈川,松屋 向ヶ丘遊園店,神奈川県川崎市多摩区登戸2737-4  タカノビル1F・2F,1150,20220423,1100,50
松屋,東京都,松屋 高円寺店,東京都杉並区高円寺北3-22-16 1F,1200,20220423,1100,100
松屋,東京都,松屋 高島平駅前店,東京都板橋区高島平8-3-3,1100,20220423,1050,50
松屋,東京都,松屋 志村坂上店,東京都板橋区小豆沢3-6-3 糠賀第二ビル1F,1100,20220423,1050,50
松屋,東京都,松屋 渋谷センター街店,東京都渋谷区宇田川町26-9,1200,20220423,1100,100
松屋,東京都,松屋 渋谷宮益坂上店,東京都渋谷区渋谷1-8-3,1200,20220423,1100,100
松屋,東京都,松屋 渋谷道玄坂上店,東京都渋谷区道玄坂1-18-8,1200,20220423,1100,100
松屋,東京都,松屋 新高円寺店,東京都杉並区高円寺南2-20-2,1150,20220423,1100,50
松屋,東京都,松屋 新中野鍋屋横丁店,東京都中野区本町4-30-22,1150,20220423,1050,100
松屋,東京都,松屋 新木場店,東京都江東区新木場1-6-1 新木場メトロセンターB棟G-2号,1200,20220423,1100,100
松屋,埼玉県,松屋 深谷市役所前店,埼玉県深谷市深谷町4-45,1000,20220423,960,40
松屋,埼玉県,松屋 吹上店,埼玉県鴻巣市鎌塚3-10-12,1000,20220423,960,40
松屋,神奈川,松屋 生田店,神奈川県川崎市多摩区生田7-8-9,1150,20220423,1100,50
松屋,東京都,松屋 西新宿店,東京都新宿区西新宿5-10-14,1200,20220423,1100,100
松屋,東京都,松屋 青梅新町店,東京都青梅市新町9-202,1100,20220423,1050,50
松屋,東京都,松屋 千川店/マイカリー食堂 千川店,東京都豊島区要町3-38-3,1100,20220423,1050,50
松屋,群馬県,松屋 前橋元総社町店,群馬県前橋市元総社町90-1,1000,20220423,950,50
松屋,群馬県,松屋 前橋三河町店,群馬県前橋市三河町2-16-16,1000,20220423,950,50
松屋,群馬県,松屋 前橋上小出町店,群馬県前橋市上小出町2-41-7,1000,20220423,950,50
松屋,岡山県,松屋 倉敷水島店,岡山県倉敷市中畝6丁目6-21,1000,20220423,950,50
松屋,東京都,松屋 池尻大橋店,東京都目黒区東山3-1-15 SD池尻大橋ビル,1200,20220423,1150,50
松屋,東京都,松屋 中野駅前店,東京都中野区中野5-65-5 豊島興業ビル1F,1200,20220423,1050,150
松屋,東京都,松屋 中野坂上店,東京都中野区中央2-1-2,1200,20220423,1100,100
松屋,東京都,松屋 中野新橋店,東京都中野区弥生町2-23-3,1150,20220423,1100,50
松屋,東京都,松屋 中野通り店,東京都中野区中野5-68-9,1200,20220423,1100,100
松屋,東京都,松屋 中野南口店,東京都中野区中野2-29-8,1200,20220423,1100,100
松屋,東京都,松屋 中野富士見町店,東京都中野区弥生町5-27-7,1150,20220423,1050,100
松屋,東京都,松屋 東高円寺店,東京都杉並区高円寺南1-6-5,1150,20220423,1100,50
松屋,東京都,松屋 東中野店,東京都中野区東中野3-1-19,1200,20220423,1100,100
松屋,兵庫県,松屋 白鳥PA（下り線）店,兵庫県姫路市打越字南西1346,1000,20220423,950,50
松屋,東京都,松屋 飯田橋東口店,東京都新宿区下宮比町1-1,1100,20220423,1050,50
松屋,東京都,松屋 方南町駅前店,東京都杉並区方南2-13-11 やま小屋方南ビル,1150,20220423,1100,50
松屋,東京都,松屋 豊洲IHIビル店/マイカリー食堂 豊洲IHIビル店,東京都江東区豊洲3-1-1,1200,20220423,1100,100
松屋,東京都,松屋 本蓮沼店,東京都板橋区泉町6番11号,1100,20220423,1050,50
松屋,東京都,松屋 目黒東口店,東京都品川区上大崎2-15-18 目黒東豊ビル,1200,20220423,1100,100
松屋,東京都,松屋 用賀店,東京都世田谷区用賀2-38-14,1200,20220423,1100,100
