松屋,東京都,松のや 志村坂上店/マイカリー食堂 志村坂上店,東京都板橋区志村1-14-12,1100,20220521,1050,50
松屋,東京都,松のや 本蓮沼店,東京都板橋区蓮沼町22-5,1100,20220521,1050,50
松屋,東京都,松屋 サテライト東中野2丁目店,東京都中野区東中野2-2-3,1200,20220521,1050,150
松屋,神奈川,松屋 井土ヶ谷店,神奈川県横浜市南区井土ヶ谷中町161,1100,20220521,1050,50
松屋,東京都,松屋 稲城矢野口店,東京都稲城市矢野口517-2,1100,20220521,1041,59
松屋,神奈川,松屋 稲田堤店,神奈川県川崎市多摩区菅2-1-1,1100,20220521,1040,60
松屋,神奈川,松屋 横浜西口店,神奈川県横浜市西区北幸1-1-2,1200,20220521,1150,50
松屋,神奈川,松屋 横浜店,神奈川県横浜市西区南幸2-1-3 相鉄ムービル,1100,20220521,1040,60
松屋,東京都,松屋 喜多見店,東京都世田谷区喜多見9-1-7 栄屋ビル,1100,20220521,1080,20
松屋,東京都,松屋 紀尾井町店,東京都千代田区麹町3-5-17,1200,20220521,1050,150
松屋,神奈川,松屋 菊名店,神奈川県横浜市港北区菊名4-2-6,1100,20220521,1050,50
松屋,京都府,松屋 京都西院店,京都府京都市右京区西院高山寺町12-7,1000,20220521,960,40
松屋,東京都,松屋 駒沢店,東京都世田谷区駒沢1-5-15,1200,20220521,1100,100
松屋,東京都,松屋 経堂店,東京都世田谷区経堂1-12-11,1150,20220521,1080,70
松屋,神奈川,松屋 戸塚店,神奈川県横浜市戸塚区戸塚町16-16,1150,20220521,1100,50
松屋,東京都,松屋 向原店,東京都豊島区東池袋4-41-27,1200,20220521,1050,150
松屋,愛知県,松屋 広小路本町店,愛知県名古屋市中区栄2-4-7,1100,20220521,1000,100
松屋,東京都,松屋 江戸川橋店,東京都文京区関口1-47-12 江戸川橋ビル1F,1200,20220521,1050,150
松屋,大阪府,松屋 桜橋店,大阪府大阪市北区曽根崎新地2丁目2-13,1120,20220521,1050,70
松屋,東京都,松屋 桜新町店,東京都世田谷区桜新町1-12-9,1200,20220521,1100,100
松屋,東京都,松屋 三軒茶屋店,東京都世田谷区三軒茶屋1-32-15,1200,20220521,1100,100
松屋,東京都,松屋 三宿店,東京都世田谷区池尻3-30-1,1200,20220521,1100,100
松屋,東京都,松屋 参宮橋店,東京都渋谷区代々木4-6-2 宍戸ビル1F,1100,20220521,1080,20
松屋,京都府,松屋 四条大宮駅前店,京都府京都市下京区四条通大宮東入立中町492,1000,20220521,960,40
松屋,東京都,松屋 四谷2丁目店,東京都新宿区四谷2-9,1200,20220521,1050,150
松屋,東京都,松屋 四谷三丁目店,東京都新宿区左門町2-5,1200,20220521,1050,150
松屋,東京都,松屋 市ヶ谷店,東京都千代田区九段北4-2-15,1200,20220521,1050,150
松屋,東京都,松屋 渋谷センター街店,東京都渋谷区宇田川町26-9,1220,20220521,1200,20
松屋,東京都,松屋 渋谷宮益坂上店,東京都渋谷区渋谷1-8-3,1220,20220521,1200,20
松屋,東京都,松屋 渋谷清水橋店,東京都渋谷区本町3-39-3,1200,20220521,1100,100
松屋,東京都,松屋 渋谷道玄坂上店,東京都渋谷区道玄坂1-18-8,1220,20220521,1200,20
松屋,宮城県,松屋 春日PA（下り線）店,宮城県宮城郡利府町春日字二ツ石39-8,1000,20220521,930,70
松屋,宮城県,松屋 春日PA（上り線）店,宮城県宮城郡利府町春日字筆沢5-3,1000,20220521,930,70
松屋,東京都,松屋 小滝橋通り店,東京都新宿区西新宿7-7-28,1200,20220521,1050,150
松屋,東京都,松屋 小田急永山店,東京都多摩市永山1-18-2 小田急マルシェ永山,1100,20220521,1041,59
松屋,三重県,松屋 松阪大黒田店/松のや 松阪大黒田店,三重県松阪市大黒田町719-4,1050,20220521,980,70
松屋,長野県,松屋 松本駅前店,長野県松本市中央1-2-23 山平ビル,1000,20220521,960,40
松屋,長野県,松屋 松本高宮店,長野県松本市高宮中2-5,1000,20220521,960,40
松屋,東京都,松屋 新宿西口店,東京都新宿区西新宿1-13-3,1200,20220521,1100,100
松屋,東京都,松屋 新大塚店,東京都豊島区東池袋5-52-16,1200,20220521,1100,100
松屋,東京都,松屋 神楽坂店,東京都新宿区神楽坂2-9,1200,20220521,1050,150
松屋,東京都,松屋 成城学園前店,東京都世田谷区成城2-39-2 成城学園ビューハイツ1F,1150,20220521,1080,70
松屋,東京都,松屋 聖蹟桜ヶ丘店,東京都多摩市関戸2-39-1,1100,20220521,1041,59
松屋,東京都,松屋 西新宿3丁目店,東京都新宿区西新宿3-7-21,1200,20220521,1100,100
松屋,東京都,松屋 西新宿8丁目店,東京都新宿区西新宿8-12-1,1200,20220521,1100,100
松屋,東京都,松屋 西新宿タワー60店/マイカリー食堂 西新宿タワー60店,東京都新宿区西新宿5-5-1 ザ・パークハウス西新宿60 A103号室,1200,20220521,1100,100
松屋,大阪府,松屋 西中島店,大阪府大阪市淀川区西中島6-7-3,1050,20220521,1000,50
松屋,東京都,松屋 千歳船橋店,東京都世田谷区船橋1-1-5  アジア堂ビル1F,1100,20220521,1080,20
松屋,神奈川,松屋 川崎枡形店,神奈川県川崎市多摩区枡形1-5-9,1100,20220521,1040,60
松屋,東京都,松屋 祖師谷大蔵3丁目店,東京都世田谷区祖師谷3-32-14,1100,20220521,1080,20
松屋,東京都,松屋 多摩ニュータウン店,東京都八王子市松木33-3,1100,20220521,1041,59
松屋,東京都,松屋 多摩愛宕店,東京都多摩市愛宕4-7-3,1100,20220521,1041,59
松屋,東京都,松屋 代々木上原店,東京都渋谷区西原3-7-6 大又建設ビル,1100,20220521,1080,20
松屋,東京都,松屋 代々木店,東京都渋谷区代々木1-34-4,1200,20220521,1100,100
松屋,東京都,松屋 代々木八幡店,東京都渋谷区富ヶ谷1-52-2  ニューアメリカンビル1F,1100,20220521,1080,20
松屋,東京都,松屋 大久保店,東京都新宿区百人町1-18-11,1200,20220521,1050,150
松屋,大阪府,松屋 大阪野田店,大阪府大阪市福島区吉野3-12-27,1050,20220521,1000,50
松屋,東京都,松屋 大塚店,東京都豊島区北大塚2-11-1,1200,20220521,1100,100
松屋,東京都,松屋 池袋アゼリア通り店,東京都豊島区西池袋5-2-10,1200,20220521,1100,100
松屋,東京都,松屋 池袋トキワ通店,東京都豊島区西池袋1丁目40番4号 川松ビル,1200,20220521,1100,100
松屋,神奈川,松屋 中野島店/マイカリー食堂 中野島店,神奈川県川崎市多摩区中野島1-9-2,1100,20220521,1040,60
松屋,三重県,松屋 津南店,三重県津市高茶屋小森町字丸田283-2,1050,20220521,1000,50
松屋,東京都,松屋 帝京大学前店,東京都八王子市大塚131-8,1100,20220521,1041,59
松屋,神奈川,松屋 天王町店,神奈川県横浜市保土ケ谷区天王町2-47-7,1100,20220521,1040,60
松屋,大阪府,松屋 天神橋六丁目店,大阪府大阪市北区本庄東1-6-22,1050,20220521,1000,50
松屋,神奈川,松屋 東戸塚西口店,神奈川県横浜市戸塚区川上町90-1,1100,20220521,1040,60
松屋,東京都,松屋 東池袋グリーン大通店,東京都豊島区東池袋1-25-17,1200,20220521,1050,150
松屋,東京都,松屋 南大沢店,東京都八王子市南大沢2丁目29番地,1100,20220521,1041,59
松屋,東京都,松屋 南池袋店,東京都豊島区南池袋1-18-23,1200,20220521,1050,150
松屋,大阪府,松屋 南方店/マイカリー食堂 南方店,大阪府大阪市淀川区西中島3-17-2,1050,20220521,1000,50
松屋,神奈川,松屋 二俣川店,神奈川県横浜市旭区二俣川1-45-18,1100,20220521,1040,60
松屋,東京都,松屋 日野三沢店,東京都日野市三沢1-19-2,1100,20220521,1041,59
松屋,愛知県,松屋 納屋橋店,愛知県名古屋市中村区名駅南1-3-14,1100,20220521,1000,100
松屋,東京都,松屋 梅ヶ丘店,東京都世田谷区梅丘1-33-9,1100,20220521,1080,20
松屋,大阪府,松屋 梅田角田町店,大阪府大阪市北区角田町6-5,1120,20220521,1050,70
松屋,大阪府,松屋 梅田神山町店,大阪府大阪市北区神山町8-22 梅電ビル,1120,20220521,1050,70
松屋,神奈川,松屋 反町店,神奈川県横浜市神奈川区松本町1-1-9 MKビル,1100,20220521,1050,50
松屋,東京都,松屋 飯田橋駅前店,東京都千代田区飯田橋4丁目9-10,1200,20220521,1050,150
松屋,東京都,松屋 飯田橋東口店,東京都新宿区下宮比町1-1,1200,20220521,1100,100
松屋,東京都,松屋 分倍河原店,東京都府中市片町2-22-1 山ニビル,1100,20220521,1041,59
松屋,神奈川,松屋 保土ヶ谷PA（下り線）店,神奈川県横浜市神奈川区羽沢町48,1200,20220521,1150,50
松屋,神奈川,松屋 保土ヶ谷店,神奈川県横浜市保土ケ谷区岩井町4,1100,20220521,1040,60
松屋,東京都,松屋 北野店,東京都八王子市北野町546-2 横溝ビル,1100,20220521,1041,59
松屋,愛知県,松屋 名駅西店/マイカリー食堂 名駅西店,愛知県名古屋市中村区亀島2-12,1100,20220521,1060,40
松屋,神奈川,松屋 踊場店,神奈川県横浜市泉区中田南1-2-12,1100,20220521,1040,60
松屋,大阪府,松屋 淀屋橋店,大阪府大阪市中央区北浜3-2-25 京阪淀屋橋ビル,1100,20220521,1050,50
松屋,東京都,松屋 落合店,東京都新宿区上落合3-9-1,1200,20220521,1100,100
松屋,東京都,松屋 茗荷谷店,東京都文京区小日向4-6-23,1200,20220521,1100,100
