吉野家,神奈川,吉野家 16号線西谷店,神奈川県横浜市保土ケ谷区西谷町1097‐1,1150,20230218,1100,50
吉野家,神奈川,吉野家 1号線三ッ沢中町店,神奈川県横浜市神奈川区三ッ沢中町9‐7,1200,20230218,1100,100
吉野家,宮城県,吉野家 45号線仙台日の出町店,宮城県仙台市宮城野区日の出町2丁目1‐16,1100,20230218,1000,100
吉野家,神奈川,吉野家 467号線六会店,神奈川県藤沢市亀井野2丁目4‐5,1130,20230218,1100,30
吉野家,神奈川,吉野家 綾瀬市役所南通り店,神奈川県綾瀬市深谷中4丁目6‐14,1150,20230218,1100,50
吉野家,神奈川,吉野家 伊勢佐木町店,神奈川県横浜市中区伊勢佐木町4丁目109,1150,20230218,1100,50
吉野家,神奈川,吉野家 環状4号線下瀬谷店,神奈川県横浜市瀬谷区下瀬谷2丁目18‐17,1150,20230218,1100,50
吉野家,神奈川,吉野家 関内店,神奈川県横浜市中区真砂町3丁目32,1200,20230218,1150,50
吉野家,神奈川,吉野家 京急川崎店,神奈川県川崎市川崎区砂子1丁目1‐8,1200,20230218,1150,50
吉野家,神奈川,吉野家 元住吉駅前店,神奈川県川崎市中原区木月2丁目3‐1,1150,20230218,1100,50
吉野家,神奈川,吉野家 厚木街道東希望が丘店,神奈川県横浜市旭区東希望が丘42,1150,20230218,1130,20
吉野家,神奈川,吉野家 港北ニュータウン店,神奈川県横浜市都筑区茅ヶ崎南2丁目11‐10,1160,20230218,1150,10
吉野家,神奈川,吉野家 溝の口店,神奈川県川崎市高津区溝口1丁目11‐23,1200,20230218,1150,50
吉野家,神奈川,吉野家 綱島駅東口店,神奈川県横浜市港北区綱島西1丁目1‐32,1200,20230218,1100,100
吉野家,神奈川,吉野家 子母口店,神奈川県川崎市高津区子母口521‐2,1140,20230218,1100,40
吉野家,神奈川,吉野家 小田急海老名駅店,神奈川県海老名市めぐみ町1‐1,1200,20230218,1100,100
吉野家,神奈川,吉野家 小田急大和駅前店,神奈川県大和市中央1丁目1‐26,1150,20230218,1100,50
吉野家,神奈川,吉野家 湘南新道辻堂店,神奈川県藤沢市辻堂太平台2丁目1‐14,1150,20230218,1100,50
吉野家,神奈川,吉野家 上末吉店,神奈川県横浜市鶴見区上末吉5丁目4‐18,1150,20230218,1100,50
吉野家,神奈川,吉野家 尻手店,神奈川県横浜市鶴見区尻手2丁目ー5ー1,1150,20230218,1100,50
吉野家,神奈川,吉野家 新横浜駅北口店,神奈川県横浜市港北区篠原町2937,1200,20230218,1150,50
吉野家,神奈川,吉野家 川崎西口店,神奈川県川崎市幸区中幸町4丁目51,1200,20230218,1100,100
吉野家,神奈川,吉野家 川崎追分店,神奈川県川崎市川崎区追分町2‐2,1200,20230218,1150,50
吉野家,神奈川,吉野家 大船笠間口店,神奈川県鎌倉市大船1丁目6‐5,1150,20230218,1130,20
吉野家,神奈川,吉野家 藤沢駅北口店,神奈川県藤沢市420‐3,1150,20230218,1100,50
吉野家,神奈川,吉野家 藤沢石川店,神奈川県藤沢市石川1丁目1‐18,1150,20230218,1100,50
吉野家,神奈川,吉野家 藤沢南口店,神奈川県藤沢市南藤沢20‐5,1150,20230218,1100,50
吉野家,神奈川,吉野家 武蔵小杉店,神奈川県川崎市中原区新丸子東2丁目924‐8,1200,20230218,1100,100
吉野家,神奈川,吉野家 武蔵小杉南口店,神奈川県川崎市中原区小杉町3丁目441‐26,1200,20230218,1100,100
松屋,東京都,松屋 葛西長島陸橋店/マイカリー食堂 葛西長島陸橋店,東京都江戸川区東葛西5-3-3,1200,20230218,1100,100
松屋,福岡県,松屋 穴生店,福岡県北九州市八幡西区穴生2-8-7,1000,20230218,950,50
松屋,東京都,松屋 江戸川店,東京都江戸川区江戸川6-8-49,1150,20230218,1100,50
松屋,東京都,松屋 篠崎店,東京都江戸川区篠崎町7-21-13 プロシード篠崎2,1150,20230218,1100,50
松屋,東京都,松屋 新木場店,東京都江東区新木場1-6-1 新木場メトロセンターB棟G-2号,1300,20230218,1200,100
松屋,東京都,松屋 森下店,東京都江東区森下2-17-1,1150,20230218,1100,50
松屋,東京都,松屋 瑞江店,東京都江戸川区瑞江2-3-11,1150,20230218,1100,50
松屋,東京都,松屋 船堀店,東京都江戸川区船堀1-4-16 SKビル船堀,1150,20230218,1100,50
松屋,東京都,松屋 大島店,東京都江東区大島6-9-16,1150,20230218,1100,50
松屋,東京都,松屋 東陽町店,東京都江東区東陽4-2-5,1200,20230218,1100,100
松屋,東京都,松屋 南砂町店,東京都江東区南砂7-4-6,1200,20230218,1100,100
松屋,東京都,松屋 豊洲IHIビル店/マイカリー食堂 豊洲IHIビル店,東京都江東区豊洲3-1-1,1300,20230218,1200,100
松屋,東京都,松屋 門前仲町店,東京都江東区門前仲町1-7-13,1300,20230218,1200,100
