吉野家,福島県,吉野家 13号線福島北中央店,福島県福島市北中央1丁目1‐1,950,20230429,900,50
吉野家,東京都,吉野家 16号線八王子宇津木店,東京都八王子市宇津木町709,1100,20230429,1080,20
吉野家,静岡県,吉野家 1号線西沢田店,静岡県沼津市西沢田279‐1,1100,20230429,1050,50
吉野家,奈良県,吉野家 24号線奈良北店,奈良県奈良市法蓮町439‐1,1300,20230429,1050,250
吉野家,兵庫県,吉野家 2号線鷹取店,兵庫県神戸市須磨区鷹取町2丁目1‐8,1100,20230429,1000,100
吉野家,長崎県,吉野家 35号線佐世保大塔店,長崎県佐世保市大塔町18‐11,950,20230429,900,50
吉野家,静岡県,吉野家 414号線沼津南店,静岡県沼津市上香貫1374,1050,20230429,1000,50
吉野家,福島県,吉野家 4号線伊達店,福島県伊達市坂ノ上8‐1,950,20230429,900,50
吉野家,宮城県,吉野家 4号線松森店,宮城県仙台市泉区松森斉兵衛2‐8,1100,20230429,930,170
吉野家,福島県,吉野家 4号線福島黒岩店,福島県福島市黒岩榎平58‐2,950,20230429,900,50
吉野家,福島県,吉野家 4号線福島入江町店,福島県福島市入江町14‐9,950,20230429,900,50
吉野家,静岡県,吉野家 JR静岡駅店,静岡県静岡市葵区黒金町47,1050,20230429,1000,50
吉野家,兵庫県,吉野家 JR明石駅店,兵庫県明石市大明石町1丁目1‐23,1200,20230429,1000,200
吉野家,千葉県,吉野家 パビリオン成田店,千葉県成田市ウイング土屋80,1200,20230429,1100,100
吉野家,千葉県,吉野家 稲毛駅東口店,千葉県千葉市稲毛区小仲台2丁目7‐13,1100,20230429,1000,100
吉野家,神奈川,吉野家 横須賀三春町店,神奈川県横須賀市三春町4丁目28‐1,1200,20230429,1100,100
吉野家,千葉県,吉野家 鎌ヶ谷店,千葉県鎌ケ谷市道野辺本町1丁目2‐3,1050,20230429,1000,50
吉野家,神奈川,吉野家 環状2号線下永谷店,神奈川県横浜市港南区下永谷6丁目10‐20,1150,20230429,1100,50
吉野家,東京都,吉野家 京王多摩センター店,東京都多摩市落合1丁目10‐1,1120,20230429,1100,20
吉野家,神奈川,吉野家 戸塚駅西口店,神奈川県横浜市戸塚区戸塚町16‐1B204,1150,20230429,1100,50
吉野家,長崎県,吉野家 佐世保下京店,長崎県佐世保市下京町1‐1,950,20230429,930,20
吉野家,千葉県,吉野家 佐倉寺崎店,千葉県佐倉市寺崎北4丁目1‐5,1050,20230429,1000,50
吉野家,神奈川,吉野家 小田急登戸駅店,神奈川県川崎市多摩区登戸3437‐2,1200,20230429,1150,50
吉野家,東京都,吉野家 新宿四丁目店,東京都新宿区新宿4丁目3‐22,1300,20230429,1250,50
吉野家,東京都,吉野家 西八王子駅北口店,東京都八王子市千人町2丁目20‐2,1100,20230429,1080,20
吉野家,静岡県,吉野家 静岡呉服町通り店,静岡県静岡市葵区紺屋町6‐12,1050,20230429,1000,50
吉野家,東京都,吉野家 川崎街道矢野口店,東京都稲城市矢野口868,1120,20230429,1100,20
吉野家,神奈川,吉野家 川崎平店,神奈川県川崎市宮前区平2丁目‐4‐15,1150,20230429,1100,50
吉野家,千葉県,吉野家 船橋二和東店,千葉県船橋市二和東6丁目2‐3,1050,20230429,1030,20
吉野家,千葉県,吉野家 中山競馬場前店,千葉県市川市若宮3丁目48‐3,1100,20230429,1050,50
吉野家,東京都,吉野家 東京工科大学店,東京都八王子市片倉町1404‐1,1100,20230429,1080,20
吉野家,東京都,吉野家 東小金井駅前店,東京都小金井市梶野町5丁目2‐37,1150,20230429,1100,50
吉野家,東京都,吉野家 尾久橋通り舎人店,東京都足立区舎人2丁目19‐2,1150,20230429,1100,50
吉野家,愛知県,吉野家 尾張一宮PA上り店,愛知県一宮市丹陽町三ツ井東金浦2709,1150,20230429,1050,100
吉野家,静岡県,吉野家 浜松ディーラー通り店,静岡県浜松市東区和田町779‐1,1050,20230429,1000,50
吉野家,東京都,吉野家 福生店,東京都福生市福生799‐5,1100,20230429,1080,20
吉野家,東京都,吉野家 北綾瀬店,東京都足立区谷中2‐7‐5,1150,20230429,1100,50
松屋,東京都,ステーキ屋松 下北沢店,東京都世田谷区北沢2-14-2,1200,20230429,1100,100
松屋,東京都,ステーキ屋松 吉祥寺店,東京都武蔵野市吉祥寺本町2-14-28,1200,20230429,1100,100
松屋,東京都,ステーキ屋松 国分寺店,東京都国分寺市南町3-18-17,1200,20230429,1100,100
松屋,東京都,ステーキ屋松 三鷹店,東京都武蔵野市中町1-1-8 HN28ビル,1200,20230429,1100,100
松屋,愛知県,松屋 サテライト安城店,愛知県安城市住吉町荒曽根30‐8,1050,20230429,1000,50
松屋,東京都,松屋 駒沢店,東京都世田谷区駒沢1-5-15,1250,20230429,1200,50
松屋,東京都,松屋 桜上水店,東京都杉並区下高井戸1-22-6,1200,20230429,1100,100
松屋,東京都,松屋 桜新町店,東京都世田谷区桜新町1-12-9,1250,20230429,1200,50
松屋,大阪府,松屋 桜川店,大阪府大阪市浪速区桜川3-1-24 丸ニビル,1200,20230429,1110,90
松屋,東京都,松屋 三軒茶屋店,東京都世田谷区三軒茶屋1-32-15,1250,20230429,1200,50
松屋,東京都,松屋 渋谷センター街店,東京都渋谷区宇田川町26-9,1350,20230429,1310,40
松屋,東京都,松屋 渋谷道玄坂上店,東京都渋谷区道玄坂1-18-8,1350,20230429,1310,40
松屋,大阪府,松屋 千日前店,大阪府大阪市中央区難波3-3-4,1200,20230429,1110,90
松屋,大阪府,松屋 大正千島店/松のや 大正千島店,大阪府大阪市大正区千島3‐4‐7,1200,20230429,1110,90
松屋,大阪府,松屋 南海難波店,大阪府大阪市中央区難波4-4-6 1F.2F,1200,20230429,1110,90
松屋,大阪府,松屋 難波千日前店,大阪府大阪市中央区難波千日前14-14,1200,20230429,1110,90
松屋,大阪府,松屋 日本橋店,大阪府大阪市中央区日本橋1-3-2日本橋コウジィアパートメント,1200,20230429,1110,90
松屋,愛知県,松屋 豊田山之手店,愛知県豊田市山之手6-70,1120,20230429,1100,20
松屋,東京都,松屋 用賀店,東京都世田谷区用賀2-38-14,1250,20230429,1200,50
松屋,東京都,松屋 六本木4丁目店,東京都港区六本木4-11-11,1350,20230429,1310,40
すき家,長崎県,すき家 207号時津店,長崎県西彼杵郡時津町浜田郷627-1,950,20230429,920,30
