松屋,大阪府,松のや 花園町店,大阪府大阪市西成区鶴見橋1-3-24,1200,20231118,1080,120
松屋,大阪府,松屋 京橋南店,大阪府大阪市都島区片町2-4-8 上室ビル,1180,20231118,1064,116
松屋,大阪府,松屋 京阪京橋店,大阪府大阪市都島区東野田町2-4-14,1180,20231118,1150,30
松屋,大阪府,松屋 九条店,大阪府大阪市西区九条1-14-26,1120,20231118,1110,10
松屋,大阪府,松屋 住道店,大阪府大東市浜町9-10 住道駅前ビル,1100,20231118,1064,36
松屋,大阪府,松屋 森ノ宮店,大阪府大阪市中央区森ノ宮中央1-2-24,1150,20231118,1100,50
松屋,大阪府,松屋 深江橋店,大阪府大阪市東成区深江北2-9-24 コルタ深江橋,1150,20231118,1100,50
松屋,大阪府,松屋 大阪本町店,大阪府大阪市中央区南本町3-3-8,1200,20231118,1160,40
松屋,大阪府,松屋 大東御供田店,大阪府大東市御供田3-7-41,1100,20231118,1064,36
松屋,大阪府,松屋 谷町九丁目店,大阪府大阪市天王寺区生玉前町1-21,1120,20231118,1100,20
松屋,大阪府,松屋 天満橋店,大阪府大阪市中央区谷町2-8-1大手前M2ビル,1160,20231118,1130,30
松屋,大阪府,松屋 東大阪川田店/松のや 東大阪川田店,大阪府東大阪市川田1-15-8,1120,20231118,1064,56
松屋,大阪府,松屋 南森町駅前店,大阪府大阪市北区天神橋2丁目北1-3,1200,20231118,1160,40
松屋,大阪府,松屋 肥後橋店,大阪府大阪市西区江戸堀1-2-14 肥後橋官報ビル,1200,20231118,1160,40
松屋,大阪府,松屋 放出店,大阪府大阪市鶴見区今津南1-7-29,1100,20231118,1070,30
松屋,大阪府,松屋 野崎店/松のや 野崎店,大阪府大東市南津の辺町21-40,1100,20231118,1080,20
松屋,大阪府,松屋 淀屋橋店,大阪府大阪市中央区北浜3-2-25 京阪淀屋橋ビル,1200,20231118,1160,40
すき家,埼玉県,すき家 16号春日部八丁目店,埼玉県春日部市八丁目1156-1,1120,20231118,1080,40
すき家,埼玉県,すき家 イオンモール浦和美園店,埼玉県さいたま市緑区美園5-50-1イオンモール浦和美園3Fフードコート,1100,20231118,1080,20
すき家,東京都,すき家 ウィラ大井店,東京都品川区勝島1-6-16,1300,20231118,1250,50
