松屋,兵庫県,松のや JR尼崎店,兵庫県尼崎市長洲本通1-4-2,1040,20230204,1000,40
松屋,大阪府,松のや だいどう豊里店/マイカリー食堂 だいどう豊里店,大阪府大阪市東淀川区豊里7-10-18 ナインライブテナントビル,1100,20230204,1060,40
松屋,大阪府,松のや なんさん通り店,大阪府大阪市中央区難波千日前8-12ショッププランナー国際東ビル,1200,20230204,1100,100
松屋,東京都,松のや ル・シーニュ府中店/マイカリー食堂 ル・シーニュ府中店,東京都府中市宮町1-100 ル・シーニュ1-19,1200,20230204,1100,100
松屋,兵庫県,松のや 伊川谷店,兵庫県神戸市西区伊川谷町潤和1142-3,1040,20230204,1000,40
松屋,岐阜県,松のや 岐阜茜部店,岐阜県岐阜市茜部菱野1丁目1番,1000,20230204,980,20
松屋,兵庫県,松のや 魚住店,兵庫県明石市魚住町清水28番3,1040,20230204,980,60
松屋,東京都,松のや 京王八王子店/マイカリー食堂 京王八王子店,東京都八王子市明神町4-6-3 みつげんビル1F,1150,20230204,1100,50
松屋,京都府,松のや 京都南インター店,京都府京都市伏見区中島秋ノ山町121,1040,20230204,1000,40
松屋,神奈川,松のや 橋本店/マイカリー食堂 橋本店,神奈川県相模原市緑区橋本6丁目2‐1,1150,20230204,1071,79
松屋,京都府,松のや 桂川店,京都府京都市南区久世上久世町524-1,1040,20230204,980,60
松屋,兵庫県,松のや 権現湖PA(下り線)店,兵庫県加古川市志方町野尻769-14,1100,20230204,1050,50
松屋,兵庫県,松のや 元町店/マイカリー食堂 元町店,兵庫県神戸市中央区三宮町3-9-15,1040,20230204,1020,20
松屋,京都府,松のや 向日町店,京都府向日市上植野町南淀井4,1040,20230204,1000,40
松屋,大阪府,松のや 江坂店/マイカリー食堂 江坂店,大阪府吹田市豊津町15-4,1150,20230204,1100,50
松屋,香川県,松のや 高松瓦町店,香川県高松市南新町5-5,1100,20230204,930,170
松屋,香川県,松のや 高松今里店,香川県高松市今里町2丁目30-14,1100,20230204,900,200
松屋,東京都,松のや 麹町店/マイカリー食堂 麹町店 ,東京都千代田区麹町4-1-5,1250,20230204,1200,50
松屋,兵庫県,松のや 今津店/マイカリー食堂 今津店,兵庫県西宮市津門呉羽町1-34,1040,20230204,1000,40
松屋,兵庫県,松のや 三宮東店,兵庫県神戸市中央区旭通5-1-2,1040,20230204,1020,20
松屋,兵庫県,松のや 志染店,兵庫県三木市志染町広野1丁目74,1000,20230204,960,40
松屋,大阪府,松のや 十三店,大阪府大阪市淀川区十三本町1-5-8,1150,20230204,1100,50
松屋,京都府,松のや 松井山手店,京都府京田辺市山手西2-1-1,1040,20230204,1000,40
松屋,神奈川,松のや 湘南台店/マイカリー食堂 湘南台店,神奈川県藤沢市湘南台1-13-1,1150,20230204,1071,79
松屋,奈良県,松のや 上牧店,奈良県北葛城郡上牧町大字上牧3344番1（地番）,1000,20230204,930,70
松屋,大阪府,松のや 新大阪東口店/マイカリー食堂 新大阪東口店,大阪府大阪市東淀川区東中島1-20-3,1150,20230204,1100,50
松屋,兵庫県,松のや 西宮西田町店,兵庫県西宮市西田町1-29,1040,20230204,1000,40
松屋,兵庫県,松のや 西神南店,兵庫県神戸市西区井吹台西町1-1-2,1000,20230204,960,40
松屋,兵庫県,松のや 西鈴蘭台店,兵庫県神戸市北区鳴子2-1-5,1000,20230204,970,30
松屋,東京都,松のや 仙川店/マイカリー食堂 仙川店,東京都調布市仙川1-16-4,1150,20230204,1100,50
松屋,東京都,松のや 千歳烏山店,東京都世田谷区南烏山5-16-21 ライオン堂ビル,1150,20230204,1100,50
松屋,東京都,松のや 千歳船橋店,東京都世田谷区船橋1-1-2 船橋コーポ,1150,20230204,1100,50
松屋,神奈川,松のや 相武台前店,神奈川県座間市相武台1-35-5,1100,20230204,1071,29
松屋,神奈川,松のや 相模原店/マイカリー食堂 相模原店,神奈川県相模原市中央区相模原2-2-19 エイコーマンション1F,1100,20230204,1071,29
松屋,神奈川,松のや 相模原陽光台店,神奈川県相模原市中央区陽光台5-5-2,1100,20230204,1071,29
松屋,神奈川,松のや 相模大野店,神奈川県相模原市南区相模大野3-2-1 BONO相模大野ノースモール202,1100,20230204,1071,29
松屋,大阪府,松のや 大阪駅前第3ビル店,大阪府大阪市北区梅田1-1-3,1150,20230204,1100,50
松屋,奈良県,松のや 大和高田店,奈良県大和高田市曽大根122-7,1000,20230204,930,70
松屋,神奈川,松のや 大和店/マイカリー食堂 大和店,神奈川県大和市中央4-1-2近藤ビル,1150,20230204,1071,79
松屋,東京都,松のや 町田店,東京都町田市原町田4-4-14,1100,20230204,1072,28
松屋,京都府,松のや 長岡天神店,京都府長岡京市天神1-30-1,1000,20230204,980,20
松屋,愛知県,松のや 長良町店,愛知県名古屋市中川区長良町3-32,1100,20230204,1050,50
松屋,奈良県,松のや 奈良駅前店,奈良県奈良市大宮町1-1-10,1000,20230204,930,70
松屋,大阪府,松のや 南森町店/マイカリー食堂 南森町店,大阪府大阪市北区天神橋2-5-18 南森町センタービル,1150,20230204,1100,50
松屋,兵庫県,松のや 尼崎店,兵庫県尼崎市神田中通2-18-9,1040,20230204,1000,40
松屋,大阪府,松のや 梅田店,大阪府大阪市北区角田町6-3,1150,20230204,1100,50
松屋,愛知県,松のや 半田店,愛知県半田市青山1-4-9,1100,20230204,1050,50
松屋,兵庫県,松のや 武庫之荘店,兵庫県尼崎市南武庫之荘1-14-1 森陽ビル1F,1040,20230204,1000,40
松屋,大阪府,松のや 服部店,大阪府豊中市服部西町5-18-2,1100,20230204,1040,60
松屋,神奈川,松のや 本厚木店/マイカリー食堂 本厚木店,神奈川県厚木市中町2-5-3 厚木ヤングヒルビル,1150,20230204,1071,79
松屋,兵庫県,松のや 名谷店,兵庫県神戸市垂水区名谷町字猿倉83-1,1040,20230204,1000,40
松屋,兵庫県,松のや 明石店,兵庫県明石市大明石町1-6-1 パピオスあかし,1040,20230204,1000,40
松屋,和歌山,松のや 和歌山太田店/マイカリー食堂 和歌山太田店,和歌山県和歌山市太田4-5-1,1040,20230204,1000,40
松屋,京都府,松のや 椥辻店,京都府京都市山科区椥辻東潰34-2,1040,20230204,1000,40
松屋,神奈川,松屋 あざみ野店,神奈川県横浜市青葉区あざみ野1-11-1あざみ野センタービル1F,1200,20230204,1100,100
松屋,東京都,松屋 お花茶屋店,東京都葛飾区お花茶屋1-19-16,1200,20230204,1100,100
松屋,愛知県,松屋 一宮店,愛知県一宮市赤見1-2-4,1200,20230204,1100,100
松屋,千葉県,松屋 稲毛店,千葉県千葉市稲毛区小仲台2-5-15 第8若菜ビル 1.2F,1150,20230204,1050,100
松屋,千葉県,松屋 浦安駅前店,千葉県浦安市当代島1-1-22,1200,20230204,1100,100
松屋,千葉県,松屋 浦安店,千葉県浦安市北栄1-15-5 RECS浦安駅前,1200,20230204,1100,100
松屋,千葉県,松屋 浦安富士見店,千葉県浦安市富士見3-16-9,1200,20230204,1100,100
松屋,埼玉県,松屋 浦和仲町店/松のや 浦和仲町店,埼玉県さいたま市浦和区仲町1-2-9,1200,20230204,1100,100
松屋,埼玉県,松屋 浦和町谷店/松のや 浦和町谷店,埼玉県さいたま市桜区町谷2-1-1,1200,20230204,1100,100
松屋,埼玉県,松屋 越谷下間久里店,埼玉県越谷市下間久里980-1,1100,20230204,1000,100
松屋,東京都,松屋 下高井戸店,東京都世田谷区赤堤4-48-10雪華堂ビル1F,1200,20230204,1072,128
松屋,千葉県,松屋 下総中山店,千葉県船橋市本中山2-15-10,1200,20230204,1100,100
松屋,東京都,松屋 下北沢店,東京都世田谷区北沢2-19-13 松本ビル1F,1300,20230204,1250,50
松屋,兵庫県,松屋 加古川平岡町店/マイカリー食堂 加古川平岡町店,兵庫県加古川市平岡町一色370-1,1100,20230204,1000,100
松屋,東京都,松屋 花小金井駅前店,東京都小平市花小金井1-8-6大沢ビル(ビックアロービル),1150,20230204,1072,78
松屋,千葉県,松屋 我孫子若松店,千葉県我孫子市若松140-1,1120,20230204,1050,70
松屋,神奈川,松屋 梶が谷店/マイカリー食堂 梶が谷店,神奈川県川崎市高津区末長1-8-20,1250,20230204,1100,150
松屋,千葉県,松屋 鎌ヶ谷店,千葉県鎌ケ谷市東初富4-2-83,1120,20230204,1050,70
松屋,香川県,松屋 丸亀柞原店,香川県丸亀市柞原町409-1,1100,20230204,1000,100
松屋,東京都,松屋 喜多見店,東京都世田谷区喜多見9-1-7 栄屋ビル,1300,20230204,1200,100
松屋,東京都,松屋 亀戸店,東京都江東区亀戸2-20-4,1200,20230204,1150,50
松屋,東京都,松屋 亀戸南店,東京都江東区亀戸6-59-10 サンシャレード亀戸1F,1200,20230204,1150,50
松屋,東京都,松屋 亀有店,東京都葛飾区亀有3-25-1,1200,20230204,1100,100
松屋,東京都,松屋 亀有南口店,東京都葛飾区亀有3-30-12,1200,20230204,1100,100
松屋,東京都,松屋 久米川店,東京都東村山市栄町1-5-2,1150,20230204,1100,50
松屋,東京都,松屋 牛田店,東京都足立区千住曙町3-1,1200,20230204,1100,100
松屋,東京都,松屋 京王つつじヶ丘店,東京都調布市東つつじヶ丘1-2-5,1100,20230204,1080,20
松屋,東京都,松屋 京成高砂店,東京都葛飾区高砂2-38-5,1200,20230204,1100,100
松屋,東京都,松屋 京成小岩店/マイカリー食堂 京成小岩店,東京都江戸川区北小岩6-12-1,1200,20230204,1100,100
松屋,東京都,松屋 京成立石店,東京都葛飾区立石1-19-6,1200,20230204,1100,100
松屋,千葉県,松屋 京葉市川PA（下り線）店,千葉県市川市田尻1-5-1 京葉市川PA下り線内2階,1200,20230204,1100,100
松屋,東京都,松屋 金町店,東京都葛飾区東金町1-45-2,1200,20230204,1100,100
松屋,東京都,松屋 経堂店,東京都世田谷区経堂1-12-11,1250,20230204,1200,50
松屋,千葉県,松屋 穴川オーツーパーク店,千葉県千葉市稲毛区園生町380-1,1150,20230204,1050,100
松屋,兵庫県,松屋 権現湖PA(上り線)店,兵庫県加古川市平荘町中山1001-26,1100,20230204,1050,50
松屋,神奈川,松屋 元住吉店,神奈川県川崎市中原区木月3丁目6番18号 モトスミコアビル1F,1200,20230204,1100,100
松屋,千葉県,松屋 五井店,千葉県市原市五井中央西1-14-22 潤間五井ビル,1100,20230204,1050,50
松屋,滋賀県,松屋 五個荘店,滋賀県東近江市五個荘簗瀬町上川原5-2,1050,20230204,1000,50
松屋,神奈川,松屋 向ヶ丘遊園店,神奈川県川崎市多摩区登戸2737-4 タカノビル1F・2F,1200,20230204,1150,50
松屋,愛知県,松屋 江南店,愛知県江南市高屋町西町112,1200,20230204,1100,100
松屋,神奈川,松屋 溝の口店,神奈川県川崎市高津区溝の口1-18-7 澤木ビル1F,1200,20230204,1100,100
松屋,神奈川,松屋 溝の口南口店,神奈川県川崎市高津区久本1-4-10 TKBビル,1200,20230204,1100,100
松屋,滋賀県,松屋 甲賀水口店/松のや 甲賀水口店,滋賀県甲賀市水口町日電1-55,1050,20230204,1000,50
松屋,神奈川,松屋 綱島店,神奈川県横浜市港北区綱島西1-1-3 青柳ビル1F,1200,20230204,1100,100
松屋,千葉県,松屋 行徳店,千葉県市川市行徳駅前2-3,1200,20230204,1100,100
松屋,千葉県,松屋 行徳南店,千葉県市川市行徳駅前2-8-6,1200,20230204,1100,100
松屋,香川県,松屋 高松松島店/松のや 高松松島店,香川県高松市松島町3-19-8,1100,20230204,980,120
松屋,香川県,松屋 高松兵庫町店,香川県高松市兵庫町1番地20,1100,20230204,900,200
松屋,香川県,松屋 高松木太店,香川県高松市木太町3838-1,1100,20230204,950,150
松屋,神奈川,松屋 高津店,神奈川県川崎市高津区二子5-2-1,1200,20230204,1100,100
松屋,東京都,松屋 高田馬場2丁目店,東京都新宿区高田馬場2-1-2,1300,20230204,1200,100
松屋,東京都,松屋 高田馬場4丁目店,東京都新宿区高田馬場4-11-8,1300,20230204,1200,100
松屋,東京都,松屋 高田馬場店,東京都新宿区高田馬場3-1-2,1300,20230204,1200,100
松屋,東京都,松屋 国分寺西元町店,東京都国分寺市西元町2-9-25,1150,20230204,1100,50
松屋,東京都,松屋 国領店,東京都調布市国領町4-8-1,1100,20230204,1080,20
松屋,東京都,松屋 狛江店,東京都狛江市東和泉1丁目18-8,1300,20230204,1200,100
松屋,千葉県,松屋 佐原店,千葉県香取市北1-13-10,1100,20230204,1050,50
松屋,神奈川,松屋 鷺沼店,神奈川県川崎市宮前区鷺沼1-11-6 鷺沼第一ビル,1200,20230204,1100,100
松屋,東京都,松屋 桜上水店,東京都杉並区下高井戸1-22-6,1100,20230204,1080,20
松屋,埼玉県,松屋 三郷店,埼玉県三郷市三郷2-1-4 ふじプラザビル,1100,20230204,1000,100
松屋,東京都,松屋 三田店,東京都港区芝5-29-2 三善ビル1F,1300,20230204,1200,100
松屋,東京都,松屋 参宮橋店,東京都渋谷区代々木4-6-2 宍戸ビル1F,1200,20230204,1100,100
松屋,三重県,松屋 四日市日永店,三重県四日市市日永4-1-10,1100,20230204,1000,100
松屋,神奈川,松屋 市が尾店/松のや 市が尾店,神奈川県横浜市青葉区市ヶ尾町1062-3,1200,20230204,1100,100
松屋,千葉県,松屋 市原白金通店,千葉県市原市白金町1-17,1100,20230204,1050,50
松屋,千葉県,松屋 市川店,千葉県市川市市川1-6-11,1200,20230204,1100,100
松屋,東京都,松屋 芝大門店,東京都港区芝大門2-1-1 第2境野ビル,1300,20230204,1200,100
松屋,千葉県,松屋 酒々井PA(下り線)店,千葉県印旛郡酒々井町大字墨字花之作1419-1,1150,20230204,1100,50
松屋,東京都,松屋 秋葉原店,東京都千代田区神田松永町1番地,1300,20230204,1250,50
松屋,千葉県,松屋 初石店,千葉県流山市西初石3-100-19 森田ビル1F,1120,20230204,1050,70
松屋,東京都,松屋 曙橋店,東京都新宿区住吉町1-17 ジェントリー市ヶ谷1F,1250,20230204,1200,50
松屋,東京都,松屋 勝どき店,東京都中央区勝どき2-14-1,1300,20230204,1100,200
松屋,東京都,松屋 小松川店,東京都江戸川区小松川3-90,1200,20230204,1150,50
松屋,東京都,松屋 小平小川店,東京都小平市小川東町5-2-5,1150,20230204,1100,50
松屋,東京都,松屋 小平店,東京都小平市美園町1-3-9,1150,20230204,1100,50
松屋,千葉県,松屋 松戸七畝割店,千葉県松戸市松戸2303-16,1120,20230204,1050,70
松屋,千葉県,松屋 松戸松飛台店,千葉県松戸市松飛台259-5,1120,20230204,1050,70
松屋,千葉県,松屋 松戸店,千葉県松戸市本町1-18 第37東京ビル,1120,20230204,1050,70
松屋,愛媛県,松屋 松山萱町店,愛媛県松山市萱町6-53-1,950,20230204,920,30
松屋,愛媛県,松屋 松山大街道店,愛媛県松山市大街道2-3-6,950,20230204,920,30
松屋,東京都,松屋 新橋3丁目店,東京都港区新橋3-16-1,1300,20230204,1250,50
松屋,千葉県,松屋 新検見川店,千葉県千葉市花見川区南花園2-1-6 朝日ビル新検見川 1F,1150,20230204,1050,100
松屋,東京都,松屋 新宿3丁目店,東京都新宿区新宿3-11-11,1300,20230204,1200,100
松屋,東京都,松屋 新宿大ガード店,東京都新宿区西新宿1-2-1,1300,20230204,1200,100
松屋,東京都,松屋 新宿南口店,東京都新宿区新宿3-36-15,1300,20230204,1200,100
松屋,東京都,松屋 新宿二丁目店,東京都新宿区新宿2-7-3,1250,20230204,1200,50
松屋,東京都,松屋 新宿靖国通り店,東京都新宿区歌舞伎町1-6-3,1300,20230204,1200,100
松屋,千葉県,松屋 新松戸西口店,千葉県松戸市新松戸2-21-103,1120,20230204,1050,70
松屋,千葉県,松屋 新柏店/松のや 新柏店,千葉県柏市新柏4-12-7,1120,20230204,1050,70
松屋,茨城県,松屋 神栖店,茨城県神栖市大野原2-22-1,1100,20230204,1000,100
松屋,東京都,松屋 神田小川町店,東京都千代田区神田小川町2-1-15 1.2F,1300,20230204,1200,100
松屋,東京都,松屋 神田西口店,東京都千代田区内神田2-12-5 翔和No.8神田ビル1F,1300,20230204,1200,100
松屋,東京都,松屋 神田南口店,東京都千代田区鍛冶町2-1-2 神田南口鋭光ビル,1300,20230204,1200,100
松屋,東京都,松屋 人形町店,東京都中央区日本橋人形町1-18-8 第2篠原ビル,1300,20230204,1200,100
松屋,東京都,松屋 水道橋店,東京都千代田区神田三崎町3-7-13,1300,20230204,1200,100
松屋,東京都,松屋 成城学園前店,東京都世田谷区成城2-39-2 成城学園ビューハイツ1F,1250,20230204,1150,100
松屋,千葉県,松屋 成田店,千葉県成田市不動ヶ岡2148-6,1200,20230204,1100,100
松屋,東京都,松屋 清瀬店/松のや 清瀬店,東京都清瀬市松山1-9-4,1150,20230204,1100,50
松屋,東京都,松屋 清瀬野塩店/マイカリー食堂 清瀬野塩店,東京都清瀬市野塩4-224-1,1150,20230204,1100,50
松屋,神奈川,松屋 生田店,神奈川県川崎市多摩区生田7-8-9,1200,20230204,1150,50
松屋,岩手県,松屋 盛岡アイーナ店,岩手県盛岡市盛岡駅西通1-7-1 いわて県民情報交流センター,950,20230204,930,20
松屋,岩手県,松屋 盛岡駅前通店,岩手県盛岡市盛岡駅前通9-9,950,20230204,930,20
松屋,岩手県,松屋 盛岡大通店,岩手県盛岡市大通1-7-5,950,20230204,930,20
松屋,千葉県,松屋 西千葉店,千葉県千葉市中央区春日2-19-9 西千葉西口ビル,1150,20230204,1050,100
松屋,神奈川,松屋 青葉台駅前店,神奈川県横浜市青葉区青葉台2-9-16,1200,20230204,1100,100
松屋,東京都,松屋 千歳船橋店,東京都世田谷区船橋1-1-5 アジア堂ビル1F,1250,20230204,1200,50
松屋,千葉県,松屋 千葉我孫子店,千葉県我孫子市本町2-3-2 プラザビル1F,1120,20230204,1050,70
松屋,千葉県,松屋 千葉幸町店,千葉県千葉市美浜区幸町2-21-30,1150,20230204,1100,50
松屋,千葉県,松屋 千葉店,千葉県千葉市中央区富士見2-5-16,1150,20230204,1050,100
松屋,東京都,松屋 浅草橋店,東京都台東区柳橋1-13-4,1300,20230204,1200,100
松屋,東京都,松屋 浅草橋南店/マイカリー食堂 浅草橋南店,東京都中央区日本橋馬喰町2-6-14,1300,20230204,1200,100
松屋,東京都,松屋 祖師谷大蔵3丁目店,東京都世田谷区祖師谷3-32-14,1200,20230204,1100,100
松屋,千葉県,松屋 蘇我店,千葉県千葉市中央区今井2-1-1,1150,20230204,1100,50
松屋,東京都,松屋 早稲田店,東京都新宿区馬場下町62-18,1250,20230204,1200,50
松屋,千葉県,松屋 袖ヶ浦店,千葉県袖ケ浦市福王台3-12-4,1100,20230204,1000,100
松屋,東京都,松屋 代々木上原店,東京都渋谷区西原3-7-6 大又建設ビル,1250,20230204,1200,50
松屋,東京都,松屋 代々木八幡店,東京都渋谷区富ヶ谷1-52-2 ニューアメリカンビル1F,1300,20230204,1200,100
松屋,東京都,松屋 大久保2丁目店,東京都新宿区大久保2-5-1,1250,20230204,1200,50
松屋,埼玉県,松屋 大宮桜木町店,埼玉県さいたま市大宮区桜木町2-472-3,1100,20230204,1050,50
松屋,埼玉県,松屋 大宮東口店,埼玉県さいたま市大宮区宮町1-5,1250,20230204,1200,50
松屋,神奈川,松屋 大倉山店/マイカリー食堂 大倉山店,神奈川県横浜市港北区大倉山3-1-28,1200,20230204,1071,129
松屋,愛知県,松屋 大津通錦店,愛知県名古屋市中区錦3-7-10,1200,20230204,1100,100
松屋,東京都,松屋 鷹の台店,東京都小平市たかの台44-8長谷川ビル,1150,20230204,1100,50
松屋,神奈川,松屋 都筑インター店,神奈川県横浜市都筑区早渕3-37-14,1200,20230204,1100,100
松屋,東京都,松屋 東新宿店,東京都新宿区歌舞伎町2-2-21,1300,20230204,1200,100
松屋,千葉県,松屋 東千葉店,千葉県千葉市中央区祐光2-15-5,1150,20230204,1050,100
松屋,東京都,松屋 東村山店,東京都東村山市本町2-3-77 吉崎ビル1F,1150,20230204,1100,50
松屋,埼玉県,松屋 東大宮店,埼玉県さいたま市見沼区東大宮5-10-5,1100,20230204,1050,50
松屋,東京都,松屋 東大和市駅前店,東京都東大和市南街5-93-13ビル・エール1階,1150,20230204,1100,50
松屋,東京都,松屋 東大和清水店,東京都東大和市清水5-1095-7,1150,20230204,1100,50
松屋,埼玉県,松屋 南越谷店,埼玉県越谷市南越谷1-19-8 吉澤第一ビル1F,1100,20230204,1000,100
松屋,千葉県,松屋 南行徳店,千葉県市川市相之川4-17-2 メトロセンター南行徳,1200,20230204,1100,100
松屋,千葉県,松屋 南柏店,千葉県柏市南柏1-2-4 エコロジースクエア南柏,1120,20230204,1050,70
松屋,神奈川,松屋 日吉店,神奈川県横浜市港北区日吉本町1-20-2 ティーエムビル1F,1200,20230204,1100,100
松屋,千葉県,松屋 馬橋店,千葉県松戸市馬橋117-1田口ビル,1120,20230204,1050,70
松屋,東京都,松屋 馬喰町店,東京都中央区日本橋馬喰町1-5-11 ラスパイユビル1F,1300,20230204,1200,100
松屋,東京都,松屋 梅ヶ丘店,東京都世田谷区梅丘1-33-9,1250,20230204,1200,50
松屋,千葉県,松屋 柏中央町店,千葉県柏市中央町2番8号 柏大黒ビル,1120,20230204,1050,70
松屋,東京都,松屋 幡ヶ谷店,東京都渋谷区幡ヶ谷2-7-1,1100,20230204,1080,20
松屋,兵庫県,松屋 姫路南店,兵庫県姫路市安田3-119,1100,20230204,1000,100
松屋,東京都,松屋 府中店,東京都府中市宮西町2-1-8,1150,20230204,1100,50
松屋,東京都,松屋 府中本町店/マイカリー食堂 府中本町店,東京都府中市本町1-29-1,1150,20230204,1100,50
松屋,神奈川,松屋 武蔵小杉店/マイカリー食堂 武蔵小杉店,神奈川県川崎市中原区新丸子町922,1250,20230204,1150,100
松屋,東京都,松屋 武蔵村山店,東京都武蔵村山市学園3-37-2,1150,20230204,1100,50
松屋,東京都,松屋 平井駅前店,東京都江戸川区平井4-11-4,1200,20230204,1150,50
松屋,千葉県,松屋 北小金店,千葉県松戸市小金きよしヶ丘3-20-5,1120,20230204,1050,70
松屋,千葉県,松屋 北松戸店,千葉県松戸市上本郷904-6 堀ビル1F,1120,20230204,1050,70
松屋,東京都,松屋 堀切菖蒲園店,東京都葛飾区堀切4-10-2 ,1200,20230204,1100,100
松屋,千葉県,松屋 本八幡店,千葉県市川市八幡2-5-6,1200,20230204,1100,100
松屋,千葉県,松屋 本八幡南口店,千葉県市川市南八幡4-6-7,1200,20230204,1100,100
松屋,千葉県,松屋 幕張インター店/松のや 幕張インター店/マイカリー食堂 幕張インター店,千葉県習志野市鷺沼5-6-5,1200,20230204,1100,100
松屋,千葉県,松屋 幕張本郷1丁目店,千葉県千葉市花見川区幕張本郷1-3-11 一松ビル,1150,20230204,1050,100
松屋,千葉県,松屋 末広街道店,千葉県千葉市中央区末広2-3-4,1150,20230204,1050,100
松屋,千葉県,松屋 妙典店,千葉県市川市妙典4-2-12,1200,20230204,1100,100
松屋,千葉県,松屋 茂原店,千葉県茂原市道表2-12,1100,20230204,1050,50
松屋,埼玉県,松屋 与野駅前店,埼玉県さいたま市浦和区上木崎1-4-2,1100,20230204,1050,50
松屋,埼玉県,松屋 与野店/松のや 与野店,埼玉県さいたま市中央区上峰4-14-12,1200,20230204,1100,100
すき家,宮崎県,すき家 10号宮崎大橋店,宮崎県宮崎市大橋2-30,980,20230204,950,30
すき家,宮崎県,すき家 10号宮崎島之内店,宮崎県宮崎市大字島之内997-1,950,20230204,920,30
すき家,宮崎県,すき家 10号高鍋店,宮崎県児湯郡高鍋町大字北高鍋2970-1,950,20230204,920,30
すき家,宮崎県,すき家 10号都城上町店,宮崎県都城市上町1-15,980,20230204,950,30
すき家,宮崎県,すき家 10号都城都北店,宮崎県都城市都北町5928-1,980,20230204,950,30
すき家,香川県,すき家 11号観音寺植田店,香川県観音寺市植田町字東原3-1,1020,20230204,1000,20
すき家,香川県,すき家 11号高松檀紙店,香川県高松市檀紙町1513-5,1000,20230204,980,20
すき家,香川県,すき家 11号東かがわ店,香川県東かがわ市白鳥字田高田131-1,1000,20230204,950,50
すき家,北海道,すき家 12号滝川東町店,北海道滝川市東町2-42-7,1000,20230204,960,40
すき家,東京都,すき家 14号江戸川一之江店,東京都江戸川区一之江1-8-4,1120,20230204,1100,20
すき家,東京都,すき家 14号江戸川篠崎店,東京都江戸川区篠崎町7-1-17,1120,20230204,1100,20
すき家,東京都,すき家 14号江戸川松江店,東京都江戸川区松江1-8-8,1120,20230204,1100,20
すき家,広島県,すき家 183号三次店,広島県三次市十日市中1-1-10,1030,20230204,1000,30
すき家,広島県,すき家 184号尾道店,広島県尾道市栗原西2-7-14,980,20230204,950,30
すき家,長野県,すき家 18号小諸店,長野県小諸市諸1-5-11,1000,20230204,960,40
すき家,山口県,すき家 190号宇部西割店,山口県宇部市大字妻崎開作871-2,970,20230204,950,20
すき家,静岡県,すき家 1国浜松卸本町店,静岡県浜松市南区卸本町103-1,1100,20230204,1030,70
すき家,大分県,すき家 210号大分わさだ店,大分県大分市市85-1,980,20230204,950,30
すき家,大分県,すき家 217号佐伯店,大分県佐伯市鶴岡町1-3-5,980,20230204,950,30
すき家,北海道,すき家 236号帯広大通店,北海道帯広市大通南3-1-1,1030,20230204,1000,30
すき家,北海道,すき家 238号紋別店,北海道紋別市落石町4-13-13,1100,20230204,1000,100
すき家,宮城県,すき家 23号多賀城町前店,宮城県多賀城市町前3-7-7,980,20230204,930,50
すき家,神奈川,すき家 255号小田原成田店,神奈川県小田原市成田408-1,1110,20230204,1090,20
すき家,神奈川,すき家 255号大井松田店,神奈川県足柄上郡大井町金子1627-1,1110,20230204,1090,20
すき家,宮崎県,すき家 269号宮崎清武店,宮崎県宮崎市清武町正手3-17-1,950,20230204,920,30
すき家,宮城県,すき家 286号仙台山田店,宮城県仙台市太白区山田字汚田通17-1,1000,20230204,950,50
すき家,山形県,すき家 287号長井店,山形県長井市東町6-31,950,20230204,900,50
すき家,岡山県,すき家 2国笠岡店,岡山県笠岡市三番町2-30,980,20230204,950,30
すき家,広島県,すき家 2国広島楽々園店,広島県広島市佐伯区楽々園2-2-22,1000,20230204,980,20
すき家,広島県,すき家 2国福山引野店,広島県福山市引野町5-19-30,980,20230204,960,20
すき家,広島県,すき家 2国福山高西店,広島県福山市高西町4-4-9,1000,20230204,980,20
すき家,広島県,すき家 2国福山南本庄店,広島県福山市南本庄2-7-4,980,20230204,960,20
すき家,静岡県,すき家 301号湖西店,静岡県湖西市古見字高田984-7,1100,20230204,1050,50
すき家,岡山県,すき家 313号真庭店,岡山県真庭市惣146-1,980,20230204,950,30
すき家,愛媛県,すき家 378号八幡浜店,愛媛県八幡浜市産業通13-12,1000,20230204,950,50
すき家,北海道,すき家 38号帯広柏林台店,北海道帯広市西十七条南1-25-1,1030,20230204,1000,30
すき家,鹿児島,すき家 3号薩摩川内店,鹿児島県薩摩川内市御陵下町字住連木14-18,970,20230204,950,20
すき家,鹿児島,すき家 3号鹿児島草牟田店,鹿児島県鹿児島市草牟田町3-1,950,20230204,920,30
すき家,広島県,すき家 432号竹原店,広島県竹原市下野町小井手3256-1,980,20230204,950,30
すき家,北海道,すき家 44号根室店,北海道根室市西浜町8-92-1,1000,20230204,950,50
すき家,広島県,すき家 486号備後府中店,広島県府中市高木町本堀田643-1,980,20230204,950,30
すき家,広島県,すき家 486号福山駅家店,広島県福山市駅家町万能倉288-1,980,20230204,950,30
すき家,宮城県,すき家 48号仙台折立店,宮城県仙台市青葉区折立1-21-20,980,20230204,930,50
すき家,東京都,すき家 4号足立保木間店,東京都足立区西保木間1-17-20,1120,20230204,1100,20
すき家,高知県,すき家 56号四万十古津賀店,高知県四万十市古津賀1-8,980,20230204,900,80
すき家,富山県,すき家 8号高岡北島店,富山県高岡市北島婦計459-2,1050,20230204,1030,20
すき家,島根県,すき家 9号浜田店,島根県浜田市熱田町1418-1,1000,20230204,950,50
すき家,東京都,すき家 JR町田駅南口店,東京都町田市原町田1-2-6第2ひろせビル1F,1120,20230204,1100,20
すき家,東京都,すき家 とうきょうスカイツリー駅前店,東京都墨田区業平1-18-12,1150,20230204,1120,30
すき家,島根県,すき家 ゆめタウン出雲店,島根県出雲市大塚町650-1,1000,20230204,950,50
すき家,東京都,すき家 アキバ田代通り店,東京都千代田区外神田4-5-8松孝商事ビル1F,1200,20230204,1150,50
すき家,兵庫県,すき家 イオンタウン太子店,兵庫県揖保郡太子町東出262-1,1000,20230204,980,20
すき家,香川県,すき家 イオンモール綾川店,香川県綾歌郡綾川町萱原822-1イオン綾川ショッピングセンター3F,1000,20230204,950,50
すき家,岡山県,すき家 イオンモール津山店,岡山県津山市河辺1000-1,980,20230204,950,30
すき家,東京都,すき家 イオン東雲店,東京都江東区東雲1-9-10イオン東雲店2Fフードコート内,1230,20230204,1200,30
すき家,東京都,すき家 グリナード永山店,東京都多摩市永山1-4グリナード永山1F,1100,20230204,1080,20
すき家,東京都,すき家 サンライズ蒲田店,東京都大田区西蒲田7-51-2ベルコーサ1F,1180,20230204,1150,30
すき家,東京都,すき家 フレスポ若葉台店,東京都稲城市若葉台2-1-1,1100,20230204,1080,20
すき家,東京都,すき家 綾瀬駅南店,東京都葛飾区小菅4-10-2,1120,20230204,1100,20
すき家,東京都,すき家 一之江駅前店,東京都江戸川区一之江3-2-14,1120,20230204,1100,20
すき家,東京都,すき家 稲荷町駅前店,東京都台東区東上野5-1-4,1150,20230204,1120,30
すき家,東京都,すき家 稲城矢野口店,東京都稲城市矢野口323-7,1120,20230204,1100,20
すき家,神奈川,すき家 横浜北幸店,神奈川県横浜市西区北幸2-10-50北幸山田ビル1F,1200,20230204,1140,60
すき家,東京都,すき家 王子駅前店,東京都北区王子1-4-1サンスクエア前庭,1150,20230204,1120,30
すき家,岡山県,すき家 岡山西大寺店,岡山県岡山市東区松新町3-1,980,20230204,950,30
すき家,岡山県,すき家 岡山妹尾店,岡山県岡山市南区妹尾2342-1,1000,20230204,980,20
すき家,東京都,すき家 荻窪駅西口店,東京都杉並区荻窪5-26-11マチダビル1F,1180,20230204,1150,30
すき家,東京都,すき家 荻窪三丁目店,東京都杉並区荻窪3-47-23,1180,20230204,1150,30
すき家,東京都,すき家 下石神井店,東京都練馬区下石神井5-16-3,1100,20230204,1080,20
すき家,兵庫県,すき家 加西北条店,兵庫県加西市北条町横尾294-1,1000,20230204,980,20
すき家,東京都,すき家 花小金井駅北口店,東京都小平市花小金井1-9-18花小金井第一ビル1F,1100,20230204,1080,20
すき家,神奈川,すき家 海老名河原口店,神奈川県海老名市河原口5-4-28,1150,20230204,1140,10
すき家,神奈川,すき家 海老名上河内店,神奈川県海老名市上河内297-3,1120,20230204,1090,30
すき家,東京都,すき家 葛飾亀有一丁目店,東京都葛飾区亀有1-14-5,1120,20230204,1100,20
すき家,東京都,すき家 葛飾柴又店,東京都葛飾区柴又5-9-1,1120,20230204,1100,20
すき家,東京都,すき家 葛飾南水元店,東京都葛飾区南水元2-30-5,1120,20230204,1100,20
すき家,東京都,すき家 環七山王店,東京都大田区山王4-12-4,1200,20230204,1150,50
すき家,東京都,すき家 環七西新井店,東京都足立区西新井本町2-2-25,1120,20230204,1100,20
すき家,東京都,すき家 環八蒲田四丁目店,東京都大田区蒲田4-42-12新生ビル1F,1200,20230204,1150,50
すき家,東京都,すき家 環八高井戸店,東京都杉並区高井戸西1-1-28,1180,20230204,1120,60
すき家,香川県,すき家 丸亀田村店,香川県丸亀市田村町字平池795-2,1020,20230204,1000,20
すき家,宮城県,すき家 岩沼中央店,宮城県岩沼市桜3-12-15,960,20230204,930,30
すき家,東京都,すき家 吉祥寺南店,東京都武蔵野市吉祥寺南町1-11-1,1200,20230204,1150,50
すき家,東京都,すき家 久米川駅前店,東京都東村山市栄町2-9-32晃正プラザビル1F,1100,20230204,1080,20
すき家,宮崎県,すき家 宮崎新別府店,宮崎県宮崎市新別府町山宮986-6,980,20230204,960,20
すき家,宮崎県,すき家 宮崎大島店,宮崎県宮崎市大島町松ノ木下292-1,980,20230204,920,60
すき家,宮崎県,すき家 宮崎東大淀店,宮崎県宮崎市東大淀2-3-41,980,20230204,950,30
すき家,東京都,すき家 玉川学園駅前店,東京都町田市玉川学園7-5-2,1100,20230204,1080,20
すき家,東京都,すき家 虎ノ門四丁目店,東京都港区虎ノ門4-1-19,1280,20230204,1200,80
すき家,東京都,すき家 五反野店,東京都足立区足立3-34-5沼野ビル,1120,20230204,1100,20
すき家,広島県,すき家 呉広店,広島県呉市広中町1-21,980,20230204,950,30
すき家,東京都,すき家 御徒町駅南口店,東京都台東区上野5-27-2,1200,20230204,1150,50
すき家,広島県,すき家 広島観音店,広島県広島市西区南観音6-14-18,1150,20230204,1100,50
すき家,広島県,すき家 広島新天地店,広島県広島市中区新天地5-3ドンキ・ホーテ1F,1080,20230204,1050,30
すき家,広島県,すき家 広島八丁堀店,広島県広島市中区八丁堀1-8エイトビル,1080,20230204,1050,30
すき家,東京都,すき家 江東塩浜店,東京都江東区塩浜2-14-3,1200,20230204,1150,50
すき家,東京都,すき家 江東区役所前店,東京都江東区東陽4-10-7,1200,20230204,1150,50
すき家,東京都,すき家 江東千石店,東京都江東区千石2-9-9,1200,20230204,1150,50
すき家,神奈川,すき家 綱島駅西口店,神奈川県横浜市港北区綱島西1-10-10第5吉田ビル1F,1180,20230204,1140,40
すき家,東京都,すき家 高円寺駅南口店,東京都杉並区高円寺南4-45-2メインロードビル1F,1180,20230204,1150,30
すき家,香川県,すき家 高松郷東店,香川県高松市郷東町483-1,1000,20230204,950,50
すき家,香川県,すき家 高松寿町店,香川県高松市寿町1-4-3高松中央通りビル1F,1000,20230204,950,50
すき家,香川県,すき家 高松十川店,香川県高松市十川西町583-1,1000,20230204,950,50
すき家,香川県,すき家 高松上天神店,香川県高松市上天神町217-1,1000,20230204,950,50
すき家,香川県,すき家 高松中央IC店,香川県高松市木太町9区550-1,1000,20230204,950,50
すき家,鹿児島,すき家 国分野口店,鹿児島県霧島市国分野口東6-16,1000,20230204,970,30
すき家,神奈川,すき家 座間広野台店,神奈川県座間市広野台1-25-5,1110,20230204,1090,20
すき家,東京都,すき家 三鷹井口店,東京都三鷹市井口2-13-42,1130,20230204,1100,30
すき家,東京都,すき家 三田店,東京都港区芝5-25-9,1300,20230204,1250,50
すき家,山口県,すき家 山口維新公園前店,山口県山口市大字維新公園5-2-10,1000,20230204,980,20
すき家,山口県,すき家 山口大内店,山口県山口市大内千坊五丁目3-2,1000,20230204,980,20
すき家,鹿児島,すき家 鹿屋寿店,鹿児島県鹿屋市寿8-20-7,1000,20230204,970,30
すき家,鹿児島,すき家 鹿児島宇宿店,鹿児島県鹿児島市宇宿6-22-1,970,20230204,920,50
すき家,鹿児島,すき家 鹿児島下荒田店,鹿児島県鹿児島市下荒田1-2-1,970,20230204,950,20
すき家,鹿児島,すき家 鹿児島天文館店,鹿児島県鹿児島市呉服町1-3センチュリオンホテル鹿児島1F,950,20230204,920,30
すき家,鹿児島,すき家 鹿児島東谷山店,鹿児島県鹿児島市東谷山2-52-22,970,20230204,920,50
すき家,東京都,すき家 芝浦四丁目店,東京都港区芝浦4-9-18グランドパレス田町1F,1300,20230204,1250,50
すき家,東京都,すき家 芝四丁目店,東京都港区芝4-7-1西山ビル1F,1300,20230204,1250,50
すき家,東京都,すき家 秋葉原駅岩本町店,東京都千代田区岩本町3-3-5秋葉原SHビル1F,1200,20230204,1150,50
すき家,東京都,すき家 住吉新大橋通店,東京都江東区住吉2-2-7住吉Sビル1F,1150,20230204,1120,30
すき家,東京都,すき家 勝どき三丁目店,東京都中央区勝どき3-7-6,1230,20230204,1200,30
すき家,東京都,すき家 小金井中町店,東京都小金井市中町2-8-2,1130,20230204,1100,30
すき家,神奈川,すき家 小田原早川店,神奈川県小田原市早川3-19-6,1110,20230204,1090,20
すき家,東京都,すき家 小平中島町店,東京都小平市中島町22-19,1100,20230204,1080,20
すき家,東京都,すき家 小平鈴木店,東京都小平市鈴木町1-215-3,1100,20230204,1080,20
すき家,東京都,すき家 上石神井駅前店,東京都練馬区上石神井1-13-17,1100,20230204,1080,20
すき家,神奈川,すき家 新丸子駅東口店,神奈川県川崎市中原区新丸子東1-827クリア・ハウス田中1F,1200,20230204,1150,50
すき家,東京都,すき家 新御徒町店,東京都台東区東上野1-1-1,1200,20230204,1150,50
すき家,東京都,すき家 新高円寺東店,東京都杉並区梅里1-7-17,1180,20230204,1150,30
すき家,東京都,すき家 新宿南店,東京都新宿区新宿3-32-2,1250,20230204,1200,50
すき家,東京都,すき家 新宿二丁目店,東京都新宿区新宿2-15-15新宿ヤマトビル1F,1220,20230204,1200,20
すき家,東京都,すき家 新宿六丁目店,東京都新宿区新宿6-28-10,1200,20230204,1150,50
すき家,東京都,すき家 新青梅街道花小金井店,東京都小平市花小金井3-21-14,1100,20230204,1080,20
すき家,東京都,すき家 新青梅街道東村山店,東京都東村山市富士見町3-2-1,1100,20230204,1080,20
すき家,東京都,すき家 森下店,東京都江東区森下2-18-8,1150,20230204,1120,30
すき家,東京都,すき家 神谷町店,東京都港区虎ノ門3-19-7大手ビル1F,1280,20230204,1200,80
すき家,東京都,すき家 神田駅南店,東京都中央区日本橋室町4-3-11ds-Muromachi1F,1200,20230204,1150,50
すき家,東京都,すき家 神保町駅前店,東京都千代田区神田神保町1-14KDX神保町ビル1F,1150,20230204,1120,30
すき家,東京都,すき家 水道橋駅東口店,東京都千代田区神田三崎町1-4-26,1150,20230204,1120,30
すき家,東京都,すき家 瑞江店,東京都江戸川区瑞江2-1-23田所ビル1F,1120,20230204,1100,20
すき家,東京都,すき家 晴海二丁目店,東京都中央区晴海2-5-24晴海センタービル1F,1230,20230204,1200,30
すき家,東京都,すき家 西新宿五丁目駅前店,東京都新宿区西新宿4-3-12渡辺西新宿ビル1F,1200,20230204,1150,50
すき家,東京都,すき家 西新宿小滝橋通り店,東京都新宿区西新宿7-10-16千徳ビル,1200,20230204,1150,50
すき家,宮崎県,すき家 西都右松店,宮崎県西都市右松3-33,950,20230204,920,30
すき家,東京都,すき家 赤坂六丁目店,東京都港区赤坂6-3-1アスモビル,1280,20230204,1200,80
すき家,宮城県,すき家 仙台福室店,宮城県仙台市宮城野区福室字小原1-2,1000,20230204,980,20
すき家,神奈川,すき家 川崎駅前大通り店,神奈川県川崎市川崎区砂子2-6-27横山ビル1F,1220,20230204,1200,20
すき家,神奈川,すき家 川崎塩浜店,神奈川県川崎市川崎区四谷下町1-3,1250,20230204,1200,50
すき家,神奈川,すき家 川崎新川通り店,神奈川県川崎市川崎区渡田1-17-5石田ビル1F,1220,20230204,1200,20
すき家,神奈川,すき家 川崎藤崎店,神奈川県川崎市川崎区藤崎4-19-3,1250,20230204,1200,50
すき家,神奈川,すき家 川崎南加瀬店,神奈川県川崎市幸区南加瀬4-16-9,1200,20230204,1140,60
すき家,東京都,すき家 浅草六区店,東京都台東区浅草2-9-14木村ビル1F,1150,20230204,1120,30
すき家,東京都,すき家 船堀駅前店,東京都江戸川区船堀3-5-7船堀駅前トキビル1F,1120,20230204,1100,20
すき家,兵庫県,すき家 相生垣内店,兵庫県相生市垣内町1310-7,1000,20230204,980,20
すき家,東京都,すき家 蔵前駅前店,東京都台東区蔵前2-6-6,1150,20230204,1120,30
すき家,東京都,すき家 足立一ツ家店,東京都足立区一ツ家1-15-6,1120,20230204,1100,20
すき家,東京都,すき家 足立栗原店,東京都足立区栗原4-9-6荒堀ビル1F,1120,20230204,1100,20
すき家,東京都,すき家 足立鹿浜店,東京都足立区鹿浜2-34-17,1120,20230204,1100,20
すき家,東京都,すき家 足立西綾瀬店,東京都足立区西綾瀬3-11-13,1120,20230204,1100,20
すき家,東京都,すき家 足立扇店,東京都足立区扇2-26-42,1120,20230204,1100,20
すき家,東京都,すき家 足立入谷店,東京都足立区入谷7-1-7フーファイゼンハウス1F,1120,20230204,1100,20
すき家,東京都,すき家 足立六木店,東京都足立区六木2-7-8,1120,20230204,1100,20
すき家,東京都,すき家 多摩乞田店,東京都多摩市乞田791-1,1120,20230204,1100,20
すき家,東京都,すき家 台東下谷店,東京都台東区下谷3-19-8,1150,20230204,1120,30
すき家,東京都,すき家 大久保二丁目店,東京都新宿区大久保2-6-18,1200,20230204,1150,50
すき家,東京都,すき家 大久保百人町店,東京都新宿区百人町1-16-14マキバビル1F,1200,20230204,1150,50
すき家,東京都,すき家 大森駅西口店,東京都大田区山王2-4-4,1200,20230204,1150,50
すき家,東京都,すき家 大田久が原店,東京都大田区久が原5-3-6,1180,20230204,1150,30
すき家,東京都,すき家 大田東邦医大通店,東京都大田区大森西1-8-17,1200,20230204,1150,50
すき家,東京都,すき家 築地四丁目店,東京都中央区築地4-12-2シグネットビル1F,1230,20230204,1200,30
すき家,東京都,すき家 竹芝店,東京都港区海岸1-9-11,1300,20230204,1250,50
すき家,北海道,すき家 中標津店,北海道標津郡中標津町東6条南11-1-2,1000,20230204,960,40
すき家,東京都,すき家 中野坂上店,東京都中野区中央2-30-2,1180,20230204,1150,30
すき家,東京都,すき家 町田高ヶ坂店,東京都町田市高ヶ坂6-4-1,1120,20230204,1100,20
すき家,東京都,すき家 町田小山店,東京都町田市小山町959-1,1100,20230204,1080,20
すき家,東京都,すき家 町田能ヶ谷店,東京都町田市能ヶ谷町7-12-11,1120,20230204,1100,20
すき家,東京都,すき家 調布入間店,東京都調布市入間町2-4-1,1120,20230204,1080,40
すき家,岡山県,すき家 津山小田中店,岡山県津山市小田中1301-1,980,20230204,950,30
すき家,香川県,すき家 津田の松原SA下り店,香川県さぬき市津田町鶴羽939-1,920,20230204,900,20
すき家,香川県,すき家 津田の松原SA上り店,香川県さぬき市津田町鶴羽935-5,920,20230204,900,20
すき家,神奈川,すき家 鶴屋町店,神奈川県横浜市神奈川区鶴屋町2-11-6,1200,20230204,1150,50
すき家,北海道,すき家 登別新生町店,北海道登別市新生町4-16-4,980,20230204,950,30
すき家,東京都,すき家 東雲晴海通り店,東京都江東区東雲1-6-17,1230,20230204,1200,30
すき家,東京都,すき家 東久留米下里店,東京都東久留米市下里2-6-7,1100,20230204,1080,20
すき家,東京都,すき家 東高円寺駅前店,東京都杉並区高円寺南1-7-1陽輪台高円寺1F,1180,20230204,1150,30
すき家,東京都,すき家 東十条三丁目店,東京都北区東十条3-15-12シティハイツ東十条103,1150,20230204,1120,30
すき家,東京都,すき家 東村山秋津店,東京都東村山市秋津町3-47-3,1100,20230204,1080,20
すき家,山形県,すき家 南陽警察署西店,山形県南陽市椚塚字山崎1684-1,980,20230204,900,80
すき家,広島県,すき家 廿日市宮内店,広島県廿日市市宮内字北山1076-3,1050,20230204,1030,20
すき家,東京都,すき家 日本橋小伝馬町店,東京都中央区日本橋小伝馬町15-18EDGE小伝馬町ビル1F,1200,20230204,1150,50
すき家,東京都,すき家 八丁堀四丁目店,東京都中央区八丁堀4-8-2いちご桜橋ビル1F,1220,20230204,1200,20
すき家,東京都,すき家 不動前駅西店,東京都品川区西五反田4-29-14オザワSANTビル1F,1200,20230204,1150,50
すき家,広島県,すき家 福山蔵王店,広島県福山市南蔵王町5-16-23,980,20230204,960,20
すき家,広島県,すき家 福山多治米店,広島県福山市多治米町5-28-13,980,20230204,960,20
すき家,東京都,すき家 文京白山店,東京都文京区向丘1-10-4,1150,20230204,1120,30
すき家,山口県,すき家 防府新田店,山口県防府市大字新田573-1,1000,20230204,980,20
すき家,山口県,すき家 防府天神店,山口県防府市天神2-3-36,1000,20230204,980,20
すき家,東京都,すき家 北新宿一丁目店,東京都新宿区北新宿1-12-12サンエスビル1F,1200,20230204,1150,50
すき家,東京都,すき家 北千住西口店,東京都足立区千住3-1-10,1120,20230204,1100,20
すき家,東京都,すき家 末広町店,東京都千代田区外神田6-15-14,1200,20230204,1150,50
すき家,東京都,すき家 木場店,東京都江東区木場5-11-19達摩堂ビル1F,1200,20230204,1150,50
すき家,東京都,すき家 立会川店,東京都品川区南大井1-6-10加藤ビル1F,1200,20230204,1150,50
すき家,広島県,すき家 立町店,広島県広島市中区立町2-1立町中央ビル1F,1080,20230204,1050,30
すき家,東京都,すき家 溜池山王店,東京都港区赤坂1-5-2外堀通ビル1F,1280,20230204,1200,80
すき家,東京都,すき家 練馬関町南店,東京都練馬区関町南1-11-2,1100,20230204,1080,20
すき家,東京都,すき家 練馬南大泉店,東京都練馬区南大泉1-17-17,1100,20230204,1080,20
すき家,東京都,すき家 六本木五丁目店,東京都港区六本木5-9-22第2千陽ビル1F,1280,20230204,1250,30
すき家,東京都,すき家 鶯谷店,東京都台東区根岸1-6-10,1150,20230204,1120,30
