吉野家,秋田県,吉野家 13号線横手店,秋田県横手市駅西二丁目8‐23,1000,20240831,950,50
吉野家,東京都,吉野家 14号線篠崎店,東京都江戸川区篠崎町7丁目22‐18,1300,20240831,1250,50
吉野家,千葉県,吉野家 16号線柏店,千葉県柏市柏931‐15,1200,20240831,1150,50
吉野家,兵庫県,吉野家 171号線伊丹店,兵庫県伊丹市広畑2丁目34‐1,1100,20240831,1030,70
吉野家,兵庫県,吉野家 173号線川西多田店,兵庫県川西市平野2丁目5‐6,1100,20240831,1060,40
吉野家,兵庫県,吉野家 175号線玉津店,兵庫県神戸市西区平野町福中219‐1,1100,20240831,1080,20
吉野家,兵庫県,吉野家 176号線三田店,兵庫県三田市三輪4丁目6‐6,1100,20240831,1080,20
吉野家,兵庫県,吉野家 176号線宝塚店,兵庫県宝塚市安倉北2丁目19‐2,1100,20240831,1080,20
吉野家,兵庫県,吉野家 178号線豊岡店,兵庫県豊岡市下陰535‐1,1100,20240831,1080,20
吉野家,佐賀県,吉野家 204号線唐津店,佐賀県唐津市千代田町2109‐90,980,20240831,950,30
吉野家,神奈川,吉野家 246号線座間店,神奈川県座間市西栗原2丁目7‐8,1180,20240831,1120,60
吉野家,兵庫県,吉野家 250号線西明石店,兵庫県明石市西明石西町1丁目10‐12,1100,20240831,1080,20
吉野家,兵庫県,吉野家 250号線播磨町店,兵庫県加古郡播磨町北古田1丁目19‐2,1100,20240831,1080,20
吉野家,京都府,吉野家 27号線西舞鶴店,京都府舞鶴市円満寺137‐3,1100,20240831,1050,50
吉野家,兵庫県,吉野家 28号線洲本店,兵庫県南あわじ市山添81‐1,1100,20240831,1050,50
吉野家,兵庫県,吉野家 2号線姫路市川橋店,兵庫県姫路市花田町一本松437‐3,1100,20240831,1050,50
吉野家,兵庫県,吉野家 2号線明石硯町店,兵庫県明石市硯町3丁目427‐1,1100,20240831,1080,20
吉野家,群馬県,吉野家 354号線館林店,群馬県館林市富士原町943‐1,1100,20240831,980,120
吉野家,群馬県,吉野家 407号線太田店,群馬県太田市飯塚町1439‐1,1050,20240831,1000,50
吉野家,埼玉県,吉野家 4号線越谷店,埼玉県越谷市谷中町1丁目134‐1,1200,20240831,1150,50
吉野家,東京都,吉野家 4号線梅島店,東京都足立区中央本町1丁目12‐2,1250,20240831,1200,50
吉野家,群馬県,吉野家 50号線BP太田店,群馬県太田市丸山町1277,1050,20240831,1000,50
吉野家,東京都,吉野家 6号線白鳥店,東京都葛飾区白鳥2丁目21‐24,1250,20240831,1200,50
吉野家,京都府,吉野家 9号線福知山店,京都府福知山市駅南町3丁目61‐1,1100,20240831,1050,50
吉野家,埼玉県,吉野家 せんげん台駅西口店,埼玉県越谷市千間台西1丁目67,1200,20240831,1150,50
吉野家,群馬県,吉野家 みどり大間々店,群馬県みどり市大間々町大間々382‐1,1100,20240831,980,120
吉野家,栃木県,吉野家 アクロスプラザ足利店,栃木県足利市田中町95‐1,1150,20240831,1000,150
吉野家,兵庫県,吉野家 イオンフードスタイル西神中央店,兵庫県神戸市西区糀台5丁目3-4,1080,20240831,1050,30
吉野家,東京都,吉野家 エキア北千住店,東京都足立区千住旭町42‐1,1300,20240831,1250,50
吉野家,埼玉県,吉野家 カインズ羽生店,埼玉県羽生市小松457‐1,1150,20240831,1100,50
吉野家,千葉県,吉野家 パビリオン成田店,千葉県成田市ウイング土屋80,1300,20240831,1250,50
吉野家,兵庫県,吉野家 フェニックスプラザ摩耶店,兵庫県神戸市灘区味泥町6‐1,1100,20240831,1080,20
吉野家,兵庫県,吉野家 フレンテ西宮店,兵庫県西宮市池田町11‐1,1200,20240831,1080,120
吉野家,兵庫県,吉野家 プリコ三宮店,兵庫県神戸市中央区加納町4丁目1‐1,1200,20240831,1100,100
吉野家,兵庫県,吉野家 プリコ六甲道店,兵庫県神戸市灘区永手町4‐1‐1,1100,20240831,1080,20
吉野家,東京都,吉野家 綾瀬駅東口店,東京都足立区綾瀬3丁目1‐1‐15,1300,20240831,1250,50
吉野家,神奈川,吉野家 綾瀬市役所南通り店,神奈川県綾瀬市深谷中4丁目6‐14,1180,20240831,1150,30
吉野家,埼玉県,吉野家 越谷駅高架下店,埼玉県越谷市弥生町4‐11,1200,20240831,1150,50
吉野家,兵庫県,吉野家 加古川駅北口店,兵庫県加古川市加古川町篠原町30‐10,1100,20240831,1080,20
吉野家,静岡県,吉野家 掛川PA上り店,静岡県掛川市倉真藪ノ上7507‐1‐1,1300,20240831,1200,100
吉野家,神奈川,吉野家 茅ヶ崎駅南口店,神奈川県茅ヶ崎市幸町2‐10,1180,20240831,1120,60
吉野家,神奈川,吉野家 茅ヶ崎円蔵店,神奈川県茅ヶ崎市円蔵1丁目24‐10,1180,20240831,1120,60
吉野家,東京都,吉野家 環状七号線鹿浜店,東京都足立区鹿浜3丁目2‐20,1250,20240831,1200,50
吉野家,東京都,吉野家 亀有駅前店,東京都葛飾区亀有3‐7‐7,1250,20240831,1200,50
吉野家,東京都,吉野家 京成高砂駅前店,東京都葛飾区高砂5丁目29‐11,1250,20240831,1200,50
吉野家,東京都,吉野家 金町北口店,東京都葛飾区東金町1丁目22‐11,1250,20240831,1200,50
吉野家,千葉県,吉野家 原木中山駅店,千葉県船橋市本中山7‐7‐1,1200,20240831,1150,50
吉野家,東京都,吉野家 高島平大門店,東京都板橋区高島平3丁目3‐2,1250,20240831,1200,50
吉野家,東京都,吉野家 根津店,東京都文京区根津2丁目18‐12,1300,20240831,1250,50
吉野家,栃木県,吉野家 佐野高萩町店,栃木県佐野市高萩町463‐1,1100,20240831,980,120
吉野家,栃木県,吉野家 佐野大橋店,栃木県佐野市大橋町2065‐5,1100,20240831,980,120
吉野家,大阪府,吉野家 阪急蛍池駅前店,大阪府豊中市蛍池東町1‐6‐6,1150,20240831,1100,50
吉野家,埼玉県,吉野家 三郷上彦名店,埼玉県三郷市上彦名417‐1,1400,20240831,1150,250
吉野家,埼玉県,吉野家 三郷中央店,埼玉県三郷市中央5丁目45‐6,1200,20240831,1150,50
吉野家,東京都,吉野家 志村坂上店,東京都板橋区志村2‐1‐4,1250,20240831,1200,50
吉野家,東京都,吉野家 篠崎駅前店,東京都江戸川区篠崎町7丁目27‐1,1300,20240831,1250,50
吉野家,埼玉県,吉野家 所沢駅前店,埼玉県所沢市日吉町11‐20,1250,20240831,1150,100
吉野家,東京都,吉野家 小岩駅南口店,東京都江戸川区南小岩7丁目25‐1,1300,20240831,1250,50
吉野家,東京都,吉野家 小岩北口店,東京都江戸川区西小岩3丁目‐31‐10,1300,20240831,1250,50
吉野家,神奈川,吉野家 小田急大和駅前店,神奈川県大和市中央1丁目1‐26,1200,20240831,1150,50
吉野家,千葉県,吉野家 松戸八ヶ崎店,千葉県松戸市八ヶ崎13010,1200,20240831,1150,50
吉野家,神奈川,吉野家 湘南新道辻堂店,神奈川県藤沢市辻堂太平台2丁目1‐14,1180,20240831,1150,30
吉野家,東京都,吉野家 新小岩駅前店,東京都葛飾区新小岩1丁目43‐3,1300,20240831,1250,50
吉野家,兵庫県,吉野家 新神戸駅前店,兵庫県神戸市中央区生田町1丁目1‐22,1100,20240831,1001,99
吉野家,兵庫県,吉野家 神戸伊川谷店,兵庫県神戸市西区伊川谷町潤和1155‐1,1100,20240831,1080,20
吉野家,兵庫県,吉野家 須磨パティオ店,兵庫県神戸市須磨区中落合2丁目2‐1,1100,20240831,1080,20
吉野家,東京都,吉野家 瑞江駅前店,東京都江戸川区東瑞江1丁目27‐4,1300,20240831,1250,50
吉野家,兵庫県,吉野家 西宮久保店,兵庫県西宮市久保町11-1,1100,20240831,1080,20
吉野家,兵庫県,吉野家 西宮山口町店,兵庫県西宮市山口町名来2丁目19,1100,20240831,1080,20
吉野家,東京都,吉野家 川越街道成増店,東京都板橋区成増1丁目28‐14,1250,20240831,1200,50
吉野家,東京都,吉野家 浅草橋駅東口店,東京都台東区浅草橋1‐30‐1,1500,20240831,1300,200
吉野家,千葉県,吉野家 船橋市場町店,千葉県船橋市市場2丁目2‐28,1250,20240831,1150,100
吉野家,埼玉県,吉野家 草加新栄店,埼玉県草加市新栄1丁目57‐10,1200,20240831,1150,50
吉野家,埼玉県,吉野家 草加新田店,埼玉県草加市旭町1丁目4‐36,1200,20240831,1150,50
吉野家,東京都,吉野家 足立保木間店,東京都足立区保木間1丁目27‐1,1250,20240831,1200,50
吉野家,東京都,吉野家 大山駅前店,東京都板橋区大山町4‐6,1250,20240831,1200,50
吉野家,群馬県,吉野家 大泉中央店,群馬県邑楽郡大泉町中央2丁目1436,1050,20240831,950,100
吉野家,兵庫県,吉野家 滝野社インター店,兵庫県加東市北野647‐1,1100,20240831,1060,40
吉野家,神奈川,吉野家 中山駅前店,神奈川県横浜市緑区寺山町68‐1,1200,20240831,1150,50
吉野家,大阪府,吉野家 朝潮橋店,大阪府大阪市港区八幡屋1丁目1‐15,1200,20240831,1150,50
吉野家,愛知県,吉野家 津島金柳店,愛知県津島市金柳町観音堂20,1150,20240831,1100,50
吉野家,東京都,吉野家 東新小岩店,東京都葛飾区東新小岩3丁目13‐3,1300,20240831,1250,50
吉野家,兵庫県,吉野家 東灘御影店,兵庫県神戸市東灘区御影中町2丁目2‐14,1100,20240831,1080,20
吉野家,栃木県,吉野家 栃木大町店,栃木県栃木市大町18‐12,1100,20240831,1000,100
吉野家,埼玉県,吉野家 南越谷店,埼玉県越谷市南越谷1丁目23‐1,1200,20240831,1150,50
吉野家,東京都,吉野家 馬喰町店,東京都中央区日本橋馬喰町1丁目5‐7,1350,20240831,1300,50
吉野家,東京都,吉野家 梅島駅前店,東京都足立区梅田8丁目2‐14,1250,20240831,1200,50
吉野家,埼玉県,吉野家 八潮店,埼玉県八潮市上馬場476‐1,1200,20240831,1100,100
吉野家,東京都,吉野家 尾久橋通り皿沼店,東京都足立区皿沼3丁目32‐1,1300,20240831,1250,50
吉野家,東京都,吉野家 尾久橋通り舎人店,東京都足立区舎人2丁目19‐2,1250,20240831,1200,50
吉野家,兵庫県,吉野家 姫路大津店,兵庫県姫路市大津区恵美酒町2丁目56‐1,1100,20240831,1080,20
吉野家,兵庫県,吉野家 姫路保城店,兵庫県姫路市保城943‐1,1100,20240831,1050,50
吉野家,東京都,吉野家 浜町店,東京都中央区日本橋浜町1丁目2‐4,1350,20240831,1300,50
吉野家,大阪府,吉野家 服部天神店,大阪府豊中市服部西町1丁目3‐34,1150,20240831,1100,50
吉野家,東京都,吉野家 平井店,東京都江戸川区平井5丁目15‐7,1300,20240831,1250,50
吉野家,大阪府,吉野家 豊中庄内店,大阪府豊中市庄内栄町4丁目21‐36,1200,20240831,1150,50
吉野家,東京都,吉野家 北綾瀬店,東京都足立区谷中2‐7‐5,1250,20240831,1200,50
吉野家,埼玉県,吉野家 北越谷駅前店,埼玉県越谷市北越谷4丁目2‐9,1200,20240831,1150,50
吉野家,東京都,吉野家 北千住本町商店街店,東京都足立区千住2丁目31,1300,20240831,1250,50
吉野家,愛知県,吉野家 名四宝神町店,愛知県名古屋市港区神宮寺1丁目511,1150,20240831,1100,50
吉野家,大阪府,吉野家 野里店,大阪府大阪市西淀川区花川2丁目21‐13,1150,20240831,1070,80
吉野家,兵庫県,吉野家 立花駅前店,兵庫県尼崎市立花町1丁目3‐1,1200,20240831,1100,100
吉野家,千葉県,吉野家 流山店,千葉県流山市加4‐1643,1200,20240831,1150,50
吉野家,兵庫県,吉野家 龍野店,兵庫県たつの市龍野町富永796‐1,1100,20240831,1080,20
吉野家,埼玉県,吉野家 獨協大学前西口店,埼玉県草加市松原1丁目1,1200,20240831,1150,50
