吉野家,宮崎県,吉野家 10号線延岡店,宮崎県延岡市別府町3723‐1,950,20230902,930,20
吉野家,宮崎県,吉野家 10号線都城店,宮崎県都城市平江町5‐6,950,20230902,930,20
吉野家,山形県,吉野家 121号線米沢店,山形県米沢市徳町164‐5,970,20230902,950,20
吉野家,千葉県,吉野家 128号線茂原高師店,千葉県茂原市高師1678‐11,1100,20230902,1050,50
吉野家,神奈川,吉野家 129号線上溝店,神奈川県相模原市中央区上溝2380‐6,1120,20230902,1100,20
吉野家,千葉県,吉野家 14号線登戸店,千葉県千葉市中央区登戸2丁目3‐8,1150,20230902,1100,50
吉野家,千葉県,吉野家 14号線幕張店,千葉県千葉市花見川区幕張町1丁目7780‐1,1150,20230902,1100,50
吉野家,愛知県,吉野家 155号線新舞子店,愛知県知多市新舞子大口206‐7,1050,20230902,1030,20
吉野家,富山県,吉野家 156号線砺波店,富山県砺波市太郎丸3丁目94,1100,20230902,1050,50
吉野家,千葉県,吉野家 16号線下三ヶ尾店,千葉県野田市下三ケ尾404‐8,1100,20230902,1070,30
吉野家,神奈川,吉野家 16号線金沢文庫店,神奈川県横浜市金沢区谷津町151,1120,20230902,1100,20
吉野家,千葉県,吉野家 16号線五井店,千葉県市原市白金町4丁目8,1100,20230902,1050,50
吉野家,千葉県,吉野家 16号線若柴店,千葉県柏市若柴5‐10,1150,20230902,1110,40
吉野家,東京都,吉野家 16号線昭島緑町店,東京都昭島市緑町3丁目5‐14,1150,20230902,1100,50
吉野家,千葉県,吉野家 16号線袖ケ浦店,千葉県袖ケ浦市神納1丁目20‐2,1100,20230902,1050,50
吉野家,神奈川,吉野家 16号線追浜店,神奈川県横須賀市追浜町1丁目38‐1,1120,20230902,1100,20
吉野家,千葉県,吉野家 16号線柏店,千葉県柏市柏931‐15,1150,20230902,1100,50
吉野家,東京都,吉野家 16号線八王子宇津木店,東京都八王子市宇津木町709,1150,20230902,1100,50
吉野家,東京都,吉野家 16号線八王子北野店,東京都八王子市北野町574‐1,1150,20230902,1100,50
吉野家,千葉県,吉野家 16号線八千代村上店,千葉県八千代市村上1608‐1,1100,20230902,1050,50
吉野家,千葉県,吉野家 16号線野田店,千葉県野田市船形2850‐1,1100,20230902,1070,30
吉野家,兵庫県,吉野家 175号線玉津店,兵庫県神戸市西区平野町福中219‐1,1050,20230902,1000,50
吉野家,愛媛県,吉野家 196号線平田店,愛媛県松山市平田町236‐1,1100,20230902,950,150
吉野家,岐阜県,吉野家 19号線恵那店,岐阜県恵那市長島町正家2丁目7‐2,1050,20230902,1000,50
吉野家,長野県,吉野家 19号線松本高宮店,長野県松本市高宮北5‐3,1100,20230902,1000,100
吉野家,愛知県,吉野家 19号線新守山店,愛知県名古屋市守山区幸心2丁目103,1100,20230902,1050,50
吉野家,神奈川,吉野家 1号線国府津インター店,神奈川県小田原市国府津1丁目5‐4,1120,20230902,1100,20
吉野家,愛知県,吉野家 1号線十番町店,愛知県名古屋市中川区十番町2丁目9,1100,20230902,1050,50
吉野家,神奈川,吉野家 1号線川崎遠藤町店,神奈川県川崎市幸区戸手2丁目‐1,1200,20230902,1150,50
吉野家,愛知県,吉野家 23号線花田町店,愛知県豊橋市花田町荒木24‐1,1050,20230902,1000,50
吉野家,神奈川,吉野家 246号線厚木妻田店,神奈川県厚木市妻田東3丁目1‐1,1120,20230902,1100,20
吉野家,神奈川,吉野家 246号線座間店,神奈川県座間市西栗原2丁目7‐8,1120,20230902,1100,20
吉野家,兵庫県,吉野家 250号線西明石店,兵庫県明石市西明石西町1丁目10‐12,1050,20230902,1000,50
吉野家,兵庫県,吉野家 250号線播磨町店,兵庫県加古郡播磨町北古田1丁目19‐2,1050,20230902,1000,50
吉野家,愛知県,吉野家 259号線南栄店,愛知県豊橋市南栄町蟹原21‐22,1050,20230902,1000,50
吉野家,兵庫県,吉野家 2号線加古川平野店,兵庫県加古川市加古川町平野482,1050,20230902,1000,50
吉野家,兵庫県,吉野家 2号線明石硯町店,兵庫県明石市硯町3丁目427‐1,1050,20230902,1000,50
吉野家,熊本県,吉野家 3号線高平店,熊本県熊本市北区高平3丁目14‐35,980,20230902,950,30
吉野家,神奈川,吉野家 412号線厚木林店,神奈川県厚木市林4丁目20‐30,1120,20230902,1100,20
吉野家,岐阜県,吉野家 41号線高山店,岐阜県高山市上岡本町3丁目63,1050,20230902,1000,50
吉野家,富山県,吉野家 41号線富山田中町店,富山県富山市田中町5丁目4‐13,1050,20230902,1000,50
吉野家,宮城県,吉野家 45号線塩竃店,宮城県塩竈市杉の入4丁目33,950,20230902,900,50
吉野家,宮城県,吉野家 45号線多賀城八幡店,宮城県多賀城市八幡4丁目2‐11,970,20230902,930,40
吉野家,青森県,吉野家 45号線八戸類家店,青森県八戸市類家4丁目1‐2,1000,20230902,950,50
吉野家,宮城県,吉野家 4号線仙台山の寺店,宮城県仙台市泉区山の寺1丁目1‐3,970,20230902,930,40
吉野家,宮城県,吉野家 4号線大河原店,宮城県柴田郡大河原町新東20‐5,950,20230902,930,20
吉野家,東京都,吉野家 4号線梅島店,東京都足立区中央本町1丁目12‐2,1150,20230902,1100,50
吉野家,宮城県,吉野家 4号線白石店,宮城県白石市福岡蔵本西町78,950,20230902,930,20
吉野家,宮城県,吉野家 4号線富谷店,宮城県富谷市ひより台1丁目43‐5,970,20230902,930,40
吉野家,山形県,吉野家 7号線酒田東町店,山形県酒田市東町2丁目1‐2,970,20230902,950,20
吉野家,山形県,吉野家 7号線鶴岡店,山形県鶴岡市美咲町21‐8,1020,20230902,1000,20
吉野家,東京都,吉野家 JR神田駅店,東京都千代田区鍛冶町2丁目13‐26,1250,20230902,1200,50
吉野家,東京都,吉野家 JR拝島駅店,東京都昭島市松原町4丁目14‐4,1150,20230902,1100,50
吉野家,千葉県,吉野家 TXGA流山おおたかの森店,千葉県流山市おおたかの森北一丁目1番地の1,1150,20230902,1100,50
吉野家,東京都,吉野家 お台場デックス店,東京都港区台場1丁目6‐1,1300,20230902,1200,100
吉野家,千葉県,吉野家 こてはし台店,千葉県千葉市花見川区大日町1363,1100,20230902,1050,50
吉野家,茨城県,吉野家 つくば天久保店,茨城県つくば市天久保2‐15‐1,1000,20230902,950,50
吉野家,岐阜県,吉野家 アスティ岐阜駅店,岐阜県岐阜市橋本町1丁目10‐1,1100,20230902,1000,100
吉野家,千葉県,吉野家 イオン新浦安店,千葉県浦安市入船1‐4‐1 イオン新浦安1階フードコート,1200,20230902,1150,50
吉野家,神奈川,吉野家 イオン相模原店,神奈川県相模原市南区古淵2丁目10‐1,1120,20230902,1100,20
吉野家,千葉県,吉野家 カインズホーム市原店,千葉県市原市更級3丁目1‐1,1100,20230902,1050,50
吉野家,千葉県,吉野家 カインズホーム木更津店,千葉県木更津市金田東3丁目1‐3,1100,20230902,1050,50
吉野家,千葉県,吉野家 コーナン市川原木店,千葉県市川市原木2526‐6,1150,20230902,1100,50
吉野家,兵庫県,吉野家 コロワ甲子園店,兵庫県西宮市甲子園高潮町3‐3,1100,20230902,1000,100
吉野家,千葉県,吉野家 プレナ幕張店,千葉県千葉市美浜区ひび野2丁目4,1250,20230902,1200,50
吉野家,千葉県,吉野家 ペリエ千葉店,千葉県千葉市中央区新千葉1丁目1‐1,1150,20230902,1100,50
吉野家,千葉県,吉野家 ミーナ津田沼店,千葉県習志野市津田沼1‐3‐1 ミーナ津田沼1F,1150,20230902,1100,50
吉野家,神奈川,吉野家 モレラ東戸塚西口店,神奈川県横浜市戸塚区川上町91‐1,1120,20230902,1100,20
吉野家,東京都,吉野家 ヤエチカ店,東京都中央区八重洲2丁目1,1300,20230902,1200,100
吉野家,神奈川,吉野家 伊勢佐木町店,神奈川県横浜市中区伊勢佐木町4丁目109,1200,20230902,1150,50
吉野家,千葉県,吉野家 稲毛駅東口店,千葉県千葉市稲毛区小仲台2丁目7‐13,1150,20230902,1100,50
吉野家,千葉県,吉野家 浦安駅前店,千葉県浦安市北栄1丁目17‐16,1350,20230902,1300,50
吉野家,東京都,吉野家 曳舟店,東京都墨田区京島1丁目1‐1‐101,1250,20230902,1200,50
吉野家,愛知県,吉野家 塩釜口店,愛知県名古屋市天白区塩釜口1丁目832,1050,20230902,1000,50
吉野家,長野県,吉野家 塩尻店,長野県塩尻市広丘高出1783‐1,1050,20230902,1000,50
吉野家,東京都,吉野家 押上店,東京都墨田区押上1丁目19‐1,1250,20230902,1200,50
吉野家,神奈川,吉野家 下鶴間店,神奈川県大和市鶴間1丁目27‐8,1120,20230902,1100,20
吉野家,東京都,吉野家 霞が関コモンゲート店,東京都千代田区霞が関3‐2‐1,1300,20230902,1250,50
吉野家,東京都,吉野家 葛西駅前店,東京都江戸川区中葛西5丁目43‐1,1200,20230902,1150,50
吉野家,千葉県,吉野家 鎌ヶ谷店,千葉県鎌ケ谷市道野辺本町1丁目2‐3,1100,20230902,1050,50
吉野家,神奈川,吉野家 茅ヶ崎駅南口店,神奈川県茅ヶ崎市幸町2‐10,1120,20230902,1100,20
吉野家,神奈川,吉野家 茅ヶ崎円蔵店,神奈川県茅ヶ崎市円蔵1丁目24‐10,1120,20230902,1100,20
吉野家,神奈川,吉野家 寒川一之宮店,神奈川県高座郡寒川町一之宮2丁目12‐15,1120,20230902,1100,20
吉野家,愛知県,吉野家 丸田町店,愛知県名古屋市中区栄5丁目25‐28,1200,20230902,1150,50
吉野家,愛知県,吉野家 岩倉店,愛知県岩倉市大地新町3丁目10‐1,1050,20230902,1000,50
吉野家,東京都,吉野家 菊川駅前店,東京都墨田区菊川2丁目6‐13,1250,20230902,1200,50
吉野家,愛知県,吉野家 久屋大通錦店,愛知県名古屋市中区錦3丁目6‐15,1100,20230902,1050,50
吉野家,福岡県,吉野家 久留米市役所前店,福岡県久留米市中央町23‐2,980,20230902,950,30
吉野家,福岡県,吉野家 久留米上津店,福岡県久留米市上津町1417‐14,980,20230902,950,30
吉野家,宮崎県,吉野家 宮崎祇園店,宮崎県宮崎市霧島4丁目44‐1,950,20230902,930,20
吉野家,宮崎県,吉野家 宮崎瀬頭店,宮崎県宮崎市瀬頭2丁目1‐4,950,20230902,930,20
吉野家,宮崎県,吉野家 宮崎南店,宮崎県宮崎市中村西3丁目3‐61,950,20230902,930,20
吉野家,茨城県,吉野家 牛久南店,茨城県牛久市南6丁目4‐5,1000,20230902,950,50
吉野家,富山県,吉野家 魚津店,富山県魚津市上村木848‐2,1050,20230902,1000,50
吉野家,東京都,吉野家 京王多摩センター店,東京都多摩市落合1丁目10‐1,1150,20230902,1120,30
吉野家,神奈川,吉野家 京急杉田店,神奈川県横浜市磯子区杉田1丁目17‐1 プララSugita 1階,1320,20230902,1300,20
吉野家,千葉県,吉野家 京成船橋店,千葉県船橋市本町1丁目5‐1,1150,20230902,1100,50
吉野家,兵庫県,吉野家 玉江橋線塚口店,兵庫県尼崎市塚口本町3丁目380‐9,1100,20230902,1030,70
吉野家,熊本県,吉野家 熊本日赤通り店,熊本県熊本市中央区帯山6丁目3‐32,980,20230902,950,30
吉野家,愛知県,吉野家 犬山店,愛知県犬山市犬山東古券316‐1,1050,20230902,1000,50
吉野家,千葉県,吉野家 古市場店,千葉県千葉市緑区古市場町624‐1,1100,20230902,1050,50
吉野家,愛知県,吉野家 古出来町店,愛知県名古屋市千種区北千種1丁目1‐1,1100,20230902,1000,100
吉野家,東京都,吉野家 五日市街道並木町店,東京都国分寺市並木町2丁目23‐7,1150,20230902,1100,50
吉野家,東京都,吉野家 御徒町駅前店,東京都台東区上野4丁目2‐1,1300,20230902,1250,50
吉野家,神奈川,吉野家 厚木関口店,神奈川県厚木市関口236ー5,1120,20230902,1100,20
吉野家,神奈川,吉野家 港南台店,神奈川県横浜市港南区港南台2丁目24‐1,1120,20230902,1100,20
吉野家,山梨県,吉野家 甲府バイパス向町店,山梨県甲府市向町517‐1,1050,20230902,1000,50
吉野家,山梨県,吉野家 甲府バイパス竜王店,山梨県甲斐市富竹新田1280,1050,20230902,1000,50
吉野家,山梨県,吉野家 甲府駅前店,山梨県甲府市丸の内1丁目2番13号,1050,20230902,1000,50
吉野家,茨城県,吉野家 荒川沖店,茨城県稲敷郡阿見町住吉2丁目24‐6,1000,20230902,950,50
吉野家,神奈川,吉野家 行幸道路相武台店,神奈川県座間市相武台1丁目24‐1,1120,20230902,1100,20
吉野家,千葉県,吉野家 行徳新浜店,千葉県市川市新浜1丁目2‐17,1200,20230902,1150,50
吉野家,千葉県,吉野家 行徳相之川店,千葉県市川市相之川2丁目6‐4,1200,20230902,1150,50
吉野家,富山県,吉野家 高岡上北島店,富山県高岡市上北島40‐1,1050,20230902,1000,50
吉野家,富山県,吉野家 高岡宝町店,富山県高岡市宝町2‐18,1050,20230902,1000,50
吉野家,青森県,吉野家 三沢松園町店,青森県三沢市松園町3丁目1‐32,1000,20230902,950,50
吉野家,神奈川,吉野家 子母口店,神奈川県川崎市高津区子母口521‐2,1150,20230902,1140,10
吉野家,千葉県,吉野家 市川鬼高店,千葉県市川市鬼高3丁目14‐11,1150,20230902,1100,50
吉野家,愛知県,吉野家 市大病院前店,愛知県名古屋市瑞穂区瑞穂通1丁目2,1050,20230902,1000,50
吉野家,愛知県,吉野家 市役所通り蒲郡店,愛知県蒲郡市竹谷町松本22‐1,1050,20230902,1000,50
吉野家,東京都,吉野家 自由が丘店,東京都目黒区自由が丘1丁目10‐4,1300,20230902,1200,100
吉野家,長野県,吉野家 篠ノ井バイパス店,長野県長野市合戦場3丁目38,1100,20230902,1000,100
吉野家,愛知県,吉野家 守山松川橋店,愛知県名古屋市守山区白沢町1,1100,20230902,1050,50
吉野家,千葉県,吉野家 習志野台店,千葉県船橋市習志野1丁目9‐23,1100,20230902,1050,50
吉野家,千葉県,吉野家 習志野藤崎店,千葉県習志野市藤崎4丁目3‐15,1100,20230902,1050,50
吉野家,神奈川,吉野家 宿河原店,神奈川県川崎市多摩区長尾5‐19,1150,20230902,1100,50
吉野家,東京都,吉野家 小金井店,東京都小金井市前原町4丁目13‐7,1150,20230902,1100,50
吉野家,石川県,吉野家 小松店,石川県小松市今江町4丁目157,1050,20230902,1000,50
吉野家,神奈川,吉野家 小田原駅前店,神奈川県小田原市栄町1丁目14‐3,1120,20230902,1100,20
吉野家,愛知県,吉野家 小牧岩崎店,愛知県小牧市岩崎5丁目195,1100,20230902,1050,50
吉野家,愛知県,吉野家 庄内緑地公園店,愛知県名古屋市西区南川町15,1100,20230902,1050,50
吉野家,東京都,吉野家 昭島モリタウン店,東京都昭島市田中町562‐1,1250,20230902,1200,50
吉野家,千葉県,吉野家 松戸みのり台店,千葉県松戸市稔台8丁目1‐6,1150,20230902,1100,50
吉野家,千葉県,吉野家 松戸古ヶ崎店,千葉県松戸市古ケ崎4丁目3522‐2,1150,20230902,1100,50
吉野家,千葉県,吉野家 松戸西口店,千葉県松戸市本町20‐2,1150,20230902,1100,50
吉野家,千葉県,吉野家 松戸東口店,千葉県松戸市松戸1230‐1,1300,20230902,1200,100
吉野家,千葉県,吉野家 松戸八ヶ崎店,千葉県松戸市八ヶ崎13010,1100,20230902,1050,50
吉野家,神奈川,吉野家 尻手店,神奈川県横浜市鶴見区尻手2丁目ー5ー1,1200,20230902,1150,50
吉野家,兵庫県,吉野家 新開地店,兵庫県神戸市兵庫区新開地2丁目1‐9,1200,20230902,1100,100
吉野家,千葉県,吉野家 新京成八柱駅店,千葉県松戸市日暮1丁目1‐2,1150,20230902,1100,50
吉野家,東京都,吉野家 新青梅街道島忠小平店,東京都東久留米市前沢5丁目33‐17,1150,20230902,1100,50
吉野家,東京都,吉野家 新青梅街道東大和店,東京都東大和市蔵敷3丁目889‐1,1150,20230902,1100,50
吉野家,愛知県,吉野家 甚目寺店,愛知県あま市下萱津五反田57,1100,20230902,1050,50
吉野家,長野県,吉野家 諏訪インター店,長野県茅野市宮川1345‐1,1100,20230902,1000,100
吉野家,神奈川,吉野家 瀬谷駅前店,神奈川県横浜市瀬谷区中央1‐4,1150,20230902,1100,50
吉野家,東京都,吉野家 西葛西駅1番街店,東京都江戸川区西葛西6丁目14‐2,1200,20230902,1150,50
吉野家,千葉県,吉野家 西船橋店,千葉県船橋市西船4丁目21‐17,1150,20230902,1100,50
吉野家,愛知県,吉野家 西大須店,愛知県名古屋市中区大須2丁目27‐40,1250,20230902,1200,50
吉野家,東京都,吉野家 西大島店,東京都江東区大島1丁目30‐9,1250,20230902,1200,50
吉野家,東京都,吉野家 西八王子駅北口店,東京都八王子市千人町2丁目20‐2,1150,20230902,1100,50
吉野家,東京都,吉野家 赤坂三丁目店,東京都港区赤坂3丁目12‐11,1300,20230902,1250,50
吉野家,東京都,吉野家 仙川店,東京都調布市仙川町1‐16‐18,1150,20230902,1100,50
吉野家,宮城県,吉野家 仙台加茂店,宮城県仙台市泉区加茂2丁目1‐1,970,20230902,930,40
吉野家,宮城県,吉野家 仙台中山店,宮城県仙台市泉区南中山1丁目41‐1,970,20230902,930,40
吉野家,愛知県,吉野家 千音寺店,愛知県名古屋市中川区吉津1丁目1808,1100,20230902,1050,50
吉野家,千葉県,吉野家 千葉さつきが丘店,千葉県千葉市花見川区犢橋町1102‐3,1100,20230902,1050,50
吉野家,千葉県,吉野家 千葉モノレール天台駅前店,千葉県千葉市稲毛区轟町5丁目5‐24,1100,20230902,1050,50
吉野家,千葉県,吉野家 千葉中央店,千葉県千葉市中央区富士見2丁目22‐15,1150,20230902,1100,50
吉野家,千葉県,吉野家 千葉末広街道店,千葉県千葉市中央区末広3丁目17‐1,1100,20230902,1050,50
吉野家,東京都,吉野家 川崎街道矢野口店,東京都稲城市矢野口868,1150,20230902,1120,30
吉野家,東京都,吉野家 浅草駅前店,東京都台東区花川戸1丁目5‐2,1250,20230902,1200,50
吉野家,東京都,吉野家 浅草中央店,東京都台東区浅草2丁目10‐13,1250,20230902,1200,50
吉野家,千葉県,吉野家 船橋市場町店,千葉県船橋市市場2丁目2‐28,1150,20230902,1100,50
吉野家,千葉県,吉野家 船橋二和東店,千葉県船橋市二和東6丁目2‐3,1100,20230902,1050,50
吉野家,神奈川,吉野家 相模大野駅前店,神奈川県相模原市南区相模大野3丁目10‐8,1120,20230902,1100,20
吉野家,東京都,吉野家 蔵前橋通鳥越店,東京都台東区台東1丁目38‐7,1250,20230902,1200,50
吉野家,神奈川,吉野家 大井松田店,神奈川県足柄上郡大井町金子1842,1120,20230902,1100,20
吉野家,秋田県,吉野家 大館清水店,秋田県大館市清水2丁目1‐1,950,20230902,900,50
吉野家,東京都,吉野家 大崎ニューシティ店,東京都品川区大崎一丁目6番5号,1300,20230902,1250,50
吉野家,愛知県,吉野家 第2環状線笹原店,愛知県名古屋市天白区福池2丁目419,1050,20230902,1000,50
吉野家,神奈川,吉野家 中原街道上白根店,神奈川県横浜市旭区上白根町729‐7,1120,20230902,1100,20
吉野家,千葉県,吉野家 中山競馬場前店,千葉県市川市若宮3丁目48‐3,1150,20230902,1100,50
吉野家,愛知県,吉野家 中村公園店,愛知県名古屋市中村区太閤通9丁目15‐2,1100,20230902,1050,50
吉野家,東京都,吉野家 町田街道小山町店,東京都町田市小山町3647‐1,1120,20230902,1100,20
吉野家,東京都,吉野家 町田根岸店,東京都町田市根岸町1019‐8,1120,20230902,1100,20
吉野家,神奈川,吉野家 長津田店,神奈川県横浜市緑区長津田6丁目11‐24,1120,20230902,1100,20
吉野家,長野県,吉野家 長野中御所店,長野県長野市中御所4丁目8‐15,1100,20230902,1000,100
吉野家,佐賀県,吉野家 鳥栖本町店,佐賀県鳥栖市本町3丁目1502,980,20230902,950,30
吉野家,神奈川,吉野家 鶴見駅西口店,神奈川県横浜市鶴見区豊岡町14‐28,1200,20230902,1150,50
吉野家,愛知県,吉野家 伝馬町店,愛知県名古屋市熱田区神宮2丁目6‐12,1050,20230902,1000,50
吉野家,千葉県,吉野家 都町店,千葉県千葉市中央区都町2丁目2‐5,1100,20230902,1050,50
吉野家,東京都,吉野家 都立大学駅前店,東京都目黒区平町1丁目27‐2,1300,20230902,1200,100
吉野家,千葉県,吉野家 東我孫子店,千葉県我孫子市東我孫子2‐36‐25,1100,20230902,1050,50
吉野家,東京都,吉野家 東久留米下里店,東京都東久留米市下里1丁目10‐4,1150,20230902,1100,50
吉野家,神奈川,吉野家 東急中央林間駅店,神奈川県大和市中央林間4丁目6‐3,1120,20230902,1100,20
吉野家,東京都,吉野家 東京工科大学店,東京都八王子市片倉町1404‐1,1150,20230902,1100,50
吉野家,東京都,吉野家 東銀座店,東京都中央区銀座3丁目11‐11,1300,20230902,1250,50
吉野家,福岡県,吉野家 東合川店,福岡県久留米市東合川2丁目3‐21,980,20230902,950,30
吉野家,山梨県,吉野家 南アルプス桃園店,山梨県南アルプス市桃園1454-6,1050,20230902,1000,50
吉野家,東京都,吉野家 馬喰町店,東京都中央区日本橋馬喰町1丁目5‐7,1250,20230902,1200,50
吉野家,東京都,吉野家 梅島駅前店,東京都足立区梅田8丁目2‐14,1150,20230902,1100,50
吉野家,千葉県,吉野家 柏西口店,千葉県柏市旭町1丁目4‐18,1200,20230902,1100,100
吉野家,千葉県,吉野家 柏東口店,千葉県柏市柏1丁目5‐19,1200,20230902,1100,100
吉野家,東京都,吉野家 八王子南口店,東京都八王子市子安町1丁目3‐11,1150,20230902,1100,50
吉野家,青森県,吉野家 八戸石堂店,青森県八戸市石堂2丁目21‐8,1000,20230902,950,50
吉野家,千葉県,吉野家 八千代台西口店,千葉県八千代市八千代台西1丁目10,1100,20230902,1050,50
吉野家,千葉県,吉野家 八千代緑が丘店,千葉県八千代市緑が丘西1丁目13‐2,1100,20230902,1050,50
吉野家,埼玉県,吉野家 飯能駅前店,埼玉県飯能市仲町11‐21,1050,20230902,1000,50
吉野家,岐阜県,吉野家 美濃加茂店,岐阜県美濃加茂市山手町3丁目126,1100,20230902,1000,100
吉野家,兵庫県,吉野家 姫路今宿店,兵庫県姫路市東今宿3‐1225‐1,1100,20230902,1050,50
吉野家,兵庫県,吉野家 姫路大津店,兵庫県姫路市大津区恵美酒町2丁目56‐1,1050,20230902,1000,50
吉野家,静岡県,吉野家 浜松西インター店,静岡県浜松市西区湖東町3053,1000,20230902,950,50
吉野家,東京都,吉野家 浜町店,東京都中央区日本橋浜町1丁目2‐4,1250,20230902,1200,50
吉野家,富山県,吉野家 富山豊田町店,富山県富山市豊田町2‐123‐1,1100,20230902,1050,50
吉野家,富山県,吉野家 富山本郷新店,富山県富山市本郷新14‐5,1050,20230902,1000,50
吉野家,東京都,吉野家 武蔵小山店,東京都品川区小山3丁目21‐14,1300,20230902,1250,50
吉野家,東京都,吉野家 武蔵村山店,東京都武蔵村山市中原3丁目1‐2,1150,20230902,1100,50
吉野家,愛知県,吉野家 伏見通錦店,愛知県名古屋市中区錦2丁目9‐23,1200,20230902,1100,100
吉野家,東京都,吉野家 福生店,東京都福生市福生799‐5,1150,20230902,1100,50
吉野家,愛知県,吉野家 平手店,愛知県名古屋市緑区平手南1丁目201,1050,20230902,1000,50
吉野家,愛知県,吉野家 平針店,愛知県名古屋市天白区平針5丁目102,1050,20230902,1000,50
吉野家,神奈川,吉野家 平塚駅前店,神奈川県平塚市紅谷町2‐1,1120,20230902,1100,20
吉野家,神奈川,吉野家 平塚天沼店,神奈川県平塚市天沼1‐42,1120,20230902,1100,20
吉野家,愛知県,吉野家 豊橋平川店,愛知県豊橋市平川町34‐1,1050,20230902,1000,50
吉野家,千葉県,吉野家 北小金店,千葉県松戸市根木内26,1150,20230902,1100,50
吉野家,神奈川,吉野家 本厚木店,神奈川県厚木市中町2丁目1‐22,1120,20230902,1100,20
吉野家,岐阜県,吉野家 名岐岐南町店,岐阜県羽島郡岐南町伏屋6丁目179,1050,20230902,1000,50
吉野家,三重県,吉野家 名四四日市店,三重県四日市市北納屋町1‐21,1100,20230902,1050,50
吉野家,愛知県,吉野家 名四要町店,愛知県名古屋市南区丹後通4丁目6‐1,1100,20230902,1050,50
吉野家,愛知県,吉野家 名鉄堀田駅前店,愛知県名古屋市瑞穂区塩入町4‐15,1050,20230902,1030,20
吉野家,兵庫県,吉野家 明石魚住町店,兵庫県明石市魚住町清水2360‐5,1050,20230902,1000,50
吉野家,千葉県,吉野家 木更津駅前店,千葉県木更津市富士見1丁目1‐1,1050,20230902,1000,50
吉野家,宮城県,吉野家 柳生店,宮城県名取市田高神明186‐1,950,20230902,930,20
吉野家,東京都,吉野家 有楽町店,東京都千代田区有楽町2丁目9‐18,1350,20230902,1300,50
吉野家,宮城県,吉野家 利府店,宮城県宮城郡利府町神谷沢館の内73‐1,970,20230902,930,40
吉野家,東京都,吉野家 立花店,東京都墨田区立花5丁目2‐1,1250,20230902,1200,50
吉野家,神奈川,吉野家 立場店,神奈川県横浜市泉区中田北1丁目26‐6,1120,20230902,1100,20
吉野家,千葉県,吉野家 流山店,千葉県流山市加4‐1643,1150,20230902,1100,50
吉野家,三重県,吉野家 鈴鹿西条店,三重県鈴鹿市西条9丁目4,1100,20230902,1050,50
吉野家,愛知県,吉野家 杁中店,愛知県名古屋市昭和区隼人町6‐19,1050,20230902,1000,50
