松屋,栃木県,松屋 宇都宮細谷町店/松のや 宇都宮細谷町店,栃木県宇都宮市細谷町324-3,1200,20250621,1100,100
すき家,長野県,すき家 117号飯山店,長野県飯山市静間2085-1,1150,20250621,1100,50
すき家,山梨県,すき家 139号都留桂店,山梨県都留市桂町876-1,1200,20250621,1050,150
すき家,山梨県,すき家 139号都留田野倉店,山梨県都留市田野倉102,1150,20250621,1100,50
すき家,長野県,すき家 141号佐久跡部店,長野県佐久市跡部46-4,1220,20250621,1150,70
すき家,静岡県,すき家 150号大須賀店,静岡県掛川市西大渕1684-1,1180,20250621,1120,60
すき家,静岡県,すき家 150号磐田海老島店,静岡県磐田市海老島793,1180,20250621,1120,60
すき家,静岡県,すき家 150号牧之原店,静岡県牧之原市静波2161-1,1180,20250621,1130,50
すき家,長野県,すき家 153号伊那店,長野県伊那市山寺282-1,1150,20250621,1100,50
すき家,長野県,すき家 153号飯田IC店,長野県飯田市上殿岡576-1,1280,20250621,1220,60
すき家,長野県,すき家 153号飯田座光寺店,長野県飯田市座光寺4705-1,1150,20250621,1080,70
すき家,富山県,すき家 156号砺波店,富山県砺波市新又135-1,1300,20250621,1200,100
すき家,長野県,すき家 18号千曲店,長野県千曲市大字粟佐1379-1,1200,20250621,1120,80
すき家,長野県,すき家 19号塩尻広丘店,長野県塩尻市広丘野村1503-1,1150,20250621,1100,50
すき家,長野県,すき家 19号松本村井店,長野県松本市村井町北2-8-45,1200,20250621,1100,100
すき家,山梨県,すき家 20号甲府向町店,山梨県甲府市向町729-1,1200,20250621,1100,100
すき家,福井県,すき家 27号小浜店,福井県小浜市遠敷24-26-1,1250,20250621,1200,50
すき家,広島県,すき家 2国広島東雲店,広島県広島市南区東雲3-13-6,1150,20250621,1100,50
すき家,広島県,すき家 375号東広島西条店,広島県東広島市東広島市西条町土与丸字円行1517-1他7筆 ,1100,20250621,1050,50
すき家,長野県,すき家 403号中野江部店,長野県中野市大字江部1371番地5,1200,20250621,1120,80
すき家,福井県,すき家 416号福井開発店,福井県福井市開発4-309,1200,20250621,1150,50
すき家,富山県,すき家 8号高岡北島店,富山県高岡市北島婦計459-2,1200,20250621,1100,100
すき家,千葉県,すき家 印西BP店,千葉県印西市竹袋623-1,1200,20250621,1130,70
すき家,福井県,すき家 越前押田店,福井県越前市押田2-1-1,1150,20250621,1100,50
すき家,長野県,すき家 塩尻志学館高校前店,長野県塩尻市広丘高出1486-230,1150,20250621,1100,50
すき家,静岡県,すき家 掛川城西店,静岡県掛川市城西2-10-3,1180,20250621,1130,50
すき家,広島県,すき家 呉広店,広島県呉市広中町1-21,1100,20250621,1050,50
すき家,広島県,すき家 広大前店,広島県東広島市西条下見5-1-7,1050,20250621,1020,30
すき家,広島県,すき家 広島観音店,広島県広島市西区南観音6-14-18,1200,20250621,1150,50
すき家,山梨県,すき家 甲斐島上条店,山梨県甲斐市島上条207-1,1200,20250621,1100,100
すき家,山梨県,すき家 甲府国玉店,山梨県甲府市国玉町975-1,1200,20250621,1100,100
すき家,福井県,すき家 鯖江北野店,福井県鯖江市北野町18-11,1150,20250621,1100,50
すき家,広島県,すき家 三原店,広島県三原市皆実町3-1-1,1150,20250621,1100,50
すき家,石川県,すき家 七尾藤橋店,石川県七尾市藤橋町戌12-1,1300,20250621,1200,100
すき家,山口県,すき家 周南新南陽店,山口県周南市古川町5-15,1100,20250621,1080,20
すき家,長野県,すき家 松本出川店,長野県松本市出川3-6-10,1200,20250621,1100,100
すき家,兵庫県,すき家 神戸鹿の子台店,兵庫県神戸市北区鹿の子台北町8-4-2,1200,20250621,1150,50
すき家,長野県,すき家 須坂墨坂店,長野県須坂市墨坂4-2-20,1200,20250621,1100,100
すき家,山梨県,すき家 談合坂SA下り店,山梨県上野原市野田尻大野窪710 中央道談合坂SA下り線EXPASA内,1300,20250621,1200,100
すき家,長野県,すき家 長野稲里店,長野県長野市稲里町中氷鉋599,1200,20250621,1120,80
すき家,静岡県,すき家 島田井口店,静岡県島田市井口840,1180,20250621,1130,50
すき家,広島県,すき家 東広島八本松店,広島県東広島市八本松東2-10-8,1100,20250621,1050,50
すき家,福井県,すき家 敦賀木崎店,福井県敦賀市木崎19-14-1,1250,20250621,1200,50
すき家,千葉県,すき家 柏増尾台店,千葉県柏市増尾台4-13-4,1200,20250621,1150,50
すき家,静岡県,すき家 磐田二之宮店,静岡県磐田市二之宮332-1,1180,20250621,1120,60
すき家,福井県,すき家 福井大島店,福井県福井市大島町1字北蔵207番,1200,20250621,1100,100
すき家,福井県,すき家 福井和田店,福井県福井市和田2丁目110番地,1150,20250621,1100,50
すき家,長野県,すき家 箕輪BP店,長野県上伊那郡箕輪町中箕輪11338-1,1200,20250621,1100,100
すき家,広島県,すき家 立町店,広島県広島市中区立町2-1 立町中央ビル1F,1200,20250621,1100,100
