吉野家,奈良県,吉野家 163号線生駒店,奈良県生駒市北田原町2476‐18,1100,20241005,1020,80
吉野家,奈良県,吉野家 168号線香芝店,奈良県香芝市上中745‐1,1100,20241005,1020,80
吉野家,奈良県,吉野家 168号線東生駒店,奈良県生駒市辻町249‐1,1100,20241005,1020,80
吉野家,奈良県,吉野家 169号線桜井店,奈良県桜井市川合263‐1,1100,20241005,1020,80
吉野家,大阪府,吉野家 170号線東大阪布市店,大阪府東大阪市布市町4丁目332‐1,1150,20241005,1130,20
吉野家,大阪府,吉野家 171号線高槻市役所前店,大阪府高槻市城西町4‐46,1150,20241005,1130,20
吉野家,神奈川,吉野家 1号線川崎遠藤町店,神奈川県川崎市幸区戸手2丁目‐1,1250,20241005,1200,50
吉野家,和歌山,吉野家 24号線岩出店,和歌山県岩出市西野20‐6,1050,20241005,1000,50
吉野家,和歌山,吉野家 24号線橋本高野口店,和歌山県橋本市高野口町伏原933‐1,1050,20241005,1000,50
吉野家,奈良県,吉野家 25号線斑鳩店,奈良県生駒郡斑鳩町幸前2丁目309‐3,1100,20241005,1020,80
吉野家,熊本県,吉野家 3号線高平店,熊本県熊本市北区高平3丁目14‐35,1000,20241005,980,20
吉野家,和歌山,吉野家 42号線和歌山紀三井寺店,和歌山県和歌山市紀三井寺541‐1,1050,20241005,1000,50
吉野家,福島県,吉野家 49号線郡山安積店,福島県郡山市安積町日出山2丁目154‐1,1030,20241005,970,60
吉野家,山形県,吉野家 7号線酒田東町店,山形県酒田市東町2丁目1‐2,1050,20241005,970,80
吉野家,石川県,吉野家 8号線加賀店,石川県加賀市中代町二60‐4,1050,20241005,1000,50
吉野家,福島県,吉野家 いわき湯本店,福島県いわき市常磐下船尾町古内289‐8,1050,20241005,1030,20
吉野家,沖縄県,吉野家 イオンタウン宮古南店,沖縄県宮古島市平良松原631,1100,20241005,1000,100
吉野家,千葉県,吉野家 カインズホーム木更津店,千葉県木更津市金田東3丁目1‐3,1250,20241005,1150,100
吉野家,大阪府,吉野家 ドーチカ店,大阪府大阪市北区堂島1丁目,1200,20241005,1170,30
吉野家,大阪府,吉野家 ビエラ高槻南店,大阪府高槻市紺屋町1‐3,1150,20241005,1130,20
吉野家,大阪府,吉野家 茨田店,大阪府大阪市鶴見区浜3丁目7‐107,1150,20241005,1130,20
吉野家,大阪府,吉野家 茨木真砂店,大阪府茨木市真砂1丁目2‐4,1150,20241005,1130,20
吉野家,京都府,吉野家 烏丸五条店,京都府京都市下京区五条通烏丸西入醍醐町290-1,1200,20241005,1150,50
吉野家,京都府,吉野家 円町店,京都府京都市中京区西ノ京円町6‐1,1150,20241005,1100,50
吉野家,神奈川,吉野家 横浜駅西口店,神奈川県横浜市西区南幸2丁目7‐15,1350,20241005,1300,50
吉野家,奈良県,吉野家 橿原木原町店,奈良県橿原市木原町223‐1,1100,20241005,1020,80
吉野家,神奈川,吉野家 関内店,神奈川県横浜市中区真砂町3丁目32,1250,20241005,1200,50
吉野家,京都府,吉野家 京都九条店,京都府京都市南区西九条東島町61,1150,20241005,1100,50
吉野家,熊本県,吉野家 熊本下通店,熊本県熊本市中央区下通1丁目3‐1,1000,20241005,980,20
吉野家,滋賀県,吉野家 湖南夏見店,滋賀県湖南市夏見425‐1,1100,20241005,1050,50
吉野家,大阪府,吉野家 高槻若松町店,大阪府高槻市若松町3‐6,1150,20241005,1130,20
吉野家,大阪府,吉野家 鴻池新田店,大阪府東大阪市中鴻池町2丁目1‐7,1150,20241005,1130,20
吉野家,大阪府,吉野家 堺インター店,大阪府堺市中区平井775‐1,1200,20241005,1130,70
吉野家,大阪府,吉野家 堺石津川店,大阪府堺市西区浜寺石津町西2丁322‐1,1150,20241005,1120,30
吉野家,大阪府,吉野家 桜橋店,大阪府大阪市北区曽根崎新地2丁目1‐21,1200,20241005,1170,30
吉野家,北海道,吉野家 札幌西町店,北海道札幌市西区西町南11丁目1‐38,1050,20241005,1030,20
吉野家,北海道,吉野家 札幌狸小路店,北海道札幌市中央区南3条西4丁目12‐1,1300,20241005,1100,200
吉野家,北海道,吉野家 札幌伏古店,北海道札幌市東区伏古11条4丁目1‐5,1050,20241005,1030,20
吉野家,京都府,吉野家 四条東洞院店,京都府京都市下京区立売西町59‐2,1200,20241005,1150,50
吉野家,大阪府,吉野家 守口駅前店,大阪府守口市京阪本通2丁目15‐13,1150,20241005,1130,20
吉野家,石川県,吉野家 小松店,石川県小松市今江町4丁目157,1100,20241005,1050,50
吉野家,神奈川,吉野家 尻手店,神奈川県横浜市鶴見区尻手2丁目ー5ー1,1250,20241005,1200,50
吉野家,大阪府,吉野家 寝屋川昭栄町店,大阪府寝屋川市昭栄町16‐8,1150,20241005,1130,20
吉野家,大阪府,吉野家 寝屋川仁和寺店,大阪府寝屋川市仁和寺町12‐15,1150,20241005,1130,20
吉野家,北海道,吉野家 新千歳空港店,北海道千歳市美々,1200,20241005,1100,100
吉野家,京都府,吉野家 西京極七条店,京都府京都市右京区西京極佃田町17,1200,20241005,1150,50
吉野家,大阪府,吉野家 摂津鳥飼店,大阪府摂津市鳥飼上4丁目1‐38,1150,20241005,1130,20
吉野家,大阪府,吉野家 摂津別府店,大阪府摂津市東別府3丁目6‐12,1150,20241005,1130,20
吉野家,宮城県,吉野家 仙台岡田店,宮城県仙台市宮城野区岡田北高屋敷30‐1,1000,20241005,980,20
吉野家,宮城県,吉野家 仙台藤松店,宮城県仙台市青葉区藤松2丁目10,1000,20241005,980,20
吉野家,神奈川,吉野家 川崎西口店,神奈川県川崎市幸区中幸町4丁目51,1300,20241005,1250,50
吉野家,神奈川,吉野家 川崎追分店,神奈川県川崎市川崎区追分町2‐2,1300,20241005,1250,50
吉野家,大阪府,吉野家 船場中央店,大阪府大阪市中央区南本町2丁目6‐8,1200,20241005,1180,20
吉野家,奈良県,吉野家 大宮通り芝辻町店,奈良県奈良市芝辻町1丁目3‐23,1100,20241005,1000,100
吉野家,大阪府,吉野家 大阪駅前第3ビル店,大阪府大阪市北区梅田1丁目1‐3,1200,20241005,1170,30
吉野家,大阪府,吉野家 大手前店,大阪府大阪市中央区谷町2丁目7‐6,1200,20241005,1150,50
吉野家,奈良県,吉野家 大和高田東室店,奈良県大和高田市曽大根1丁目1‐5,1100,20241005,1020,80
吉野家,千葉県,吉野家 中山競馬場前店,千葉県市川市若宮3丁目48‐3,1200,20241005,1150,50
吉野家,大阪府,吉野家 天神橋六丁目店,大阪府大阪市北区天神橋6丁目6‐19,1200,20241005,1150,50
吉野家,奈良県,吉野家 奈良広陵町店,奈良県北葛城郡広陵町大塚905‐1,1100,20241005,1020,80
吉野家,神奈川,吉野家 武蔵小杉店,神奈川県川崎市中原区新丸子東2丁目924‐8,1250,20241005,1200,50
吉野家,福井県,吉野家 福井花堂店,福井県福井市花堂北2丁目1212,1050,20241005,1000,50
吉野家,大阪府,吉野家 緑一丁目店,大阪府大阪市鶴見区緑1丁目19‐2,1150,20241005,1130,20
松屋,東京都,トゥックントゥックン 羽村店,東京都羽村市五ノ神1-2-12,1200,20241005,1163,37
松屋,神奈川,松のや 伊勢佐木町店/マイカリー食堂 伊勢佐木町店,神奈川県横浜市中区伊勢佐木町2-76-3,1200,20241005,1162,38
松屋,神奈川,松のや 下永谷店,神奈川県横浜市港南区下永谷5-3-10,1200,20241005,1162,38
松屋,神奈川,松のや 茅ヶ崎店,神奈川県茅ヶ崎市新栄町1-6 湘南ISビル,1200,20241005,1162,38
松屋,神奈川,松のや 橋本店/マイカリー食堂 橋本店,神奈川県相模原市緑区橋本6丁目2‐1,1200,20241005,1162,38
松屋,神奈川,松のや 戸塚店,神奈川県横浜市戸塚区戸塚町104,1200,20241005,1162,38
松屋,神奈川,松のや 湘南台店/マイカリー食堂 湘南台店,神奈川県藤沢市湘南台1-13-1,1200,20241005,1162,38
松屋,東京都,松のや 上板橋店,東京都板橋区常盤台4-32-6,1200,20241005,1163,37
松屋,神奈川,松のや 杉田店/マイカリー食堂 杉田店,神奈川県横浜市磯子区杉田1-12-28 魚七フードビル,1200,20241005,1162,38
松屋,静岡県,松のや 静岡北脇新田店/マイカリー食堂 静岡北脇新田店,静岡県静岡市清水区北脇新田610-7,1100,20241005,1050,50
松屋,神奈川,松のや 相武台前店,神奈川県座間市相武台1-35-5,1170,20241005,1162,8
松屋,神奈川,松のや 相模原店/マイカリー食堂 相模原店,神奈川県相模原市中央区相模原2-2-19 エイコーマンション1F,1200,20241005,1162,38
松屋,神奈川,松のや 相模原陽光台店,神奈川県相模原市中央区陽光台5-5-2,1170,20241005,1162,8
松屋,神奈川,松のや 相模大野店,神奈川県相模原市南区相模大野3-2-1 BONO相模大野ノースモール202,1200,20241005,1162,38
松屋,神奈川,松のや 大和店/マイカリー食堂 大和店,神奈川県大和市中央4-1-2近藤ビル,1200,20241005,1162,38
松屋,東京都,松のや 町田店,東京都町田市原町田4-4-14,1200,20241005,1163,37
松屋,静岡県,松のや 富士インター店,静岡県富士市伝法3104-1(地番),1100,20241005,1050,50
松屋,神奈川,松のや 平塚店/マイカリー食堂 平塚店,神奈川県平塚市紅谷町5-14,1200,20241005,1162,38
松屋,神奈川,松のや 本厚木店/マイカリー食堂 本厚木店,神奈川県厚木市中町2-5-3 厚木ヤングヒルビル,1200,20241005,1162,38
松屋,神奈川,松のや 野毛店,神奈川県横浜市中区野毛町3-160-4,1200,20241005,1162,38
松屋,千葉県,松屋 旭店,千葉県旭市二1131-1,1150,20241005,1100,50
松屋,群馬県,松屋 伊勢崎宮前町店/松のや 伊勢崎宮前町店,群馬県伊勢崎市宮前町15,1150,20241005,1100,50
松屋,神奈川,松屋 橋本店,神奈川県相模原市緑区橋本6-2-1,1250,20241005,1200,50
松屋,北海道,松屋 恵庭店/松のや 恵庭店,北海道恵庭市大町1丁目257-1、257-4、257-5、505（地番）,1050,20241005,1010,40
松屋,神奈川,松屋 古淵店,神奈川県相模原市南区古淵1-7-1,1200,20241005,1162,38
松屋,千葉県,松屋 五井店,千葉県市原市五井中央西1-14-22 潤間五井ビル,1150,20241005,1100,50
松屋,千葉県,松屋 佐原店,千葉県香取市北1-13-10,1150,20241005,1100,50
松屋,東京都,松屋 桜美林学園店,東京都町田市根岸町1010-6,1200,20241005,1163,37
松屋,千葉県,松屋 酒々井PA(下り線)店,千葉県印旛郡酒々井町大字墨字花之作1419-1,1300,20241005,1250,50
松屋,愛媛県,松屋 松山萱町店,愛媛県松山市萱町6-53-1,1050,20241005,1000,50
松屋,神奈川,松屋 上鶴間店,神奈川県相模原市南区上鶴間本町5丁目1番2号,1250,20241005,1200,50
松屋,千葉県,松屋 袖ヶ浦店,千葉県袖ケ浦市福王台3-12-4,1150,20241005,1100,50
松屋,埼玉県,松屋 大宮吉野町店,埼玉県さいたま市北区吉野町1-2-3,1200,20241005,1150,50
松屋,埼玉県,松屋 大宮奈良町店/松のや 大宮奈良町店,埼玉県さいたま市北区奈良町51-4,1200,20241005,1150,50
松屋,神奈川,松屋 中山店,神奈川県横浜市緑区寺山町87-7,1180,20241005,1162,18
松屋,北海道,松屋 南郷通店,北海道札幌市白石区南郷通9丁目南5-10,1100,20241005,1050,50
松屋,神奈川,松屋 淵野辺店,神奈川県相模原市中央区鹿沼台2-18-6,1250,20241005,1200,50
松屋,神奈川,松屋 淵野辺北口店,神奈川県相模原市中央区淵野辺3-19-9,1200,20241005,1162,38
松屋,埼玉県,松屋 北浦和店,埼玉県さいたま市浦和区北浦和4-3-8 USビル1F,1150,20241005,1100,50
松屋,千葉県,松屋 木更津店,千葉県木更津市太田4丁目15-5,1150,20241005,1100,50
松屋,埼玉県,松屋 与野駅前店,埼玉県さいたま市浦和区上木崎1-4-2,1150,20241005,1100,50
松屋,東京都,松屋フーズ 本社,東京都武蔵野市中町1-14-5,1170,20241005,1163,7
すき家,秋田県,すき家 101号男鹿店,秋田県男鹿市船越字内子294-1881,980,20241005,950,30
すき家,秋田県,すき家 105号大仙北長野店,秋田県大仙市北長野字道ノ下117-1,980,20241005,950,30
すき家,岩手県,すき家 106号宮古店,岩手県宮古市長町1-5-17,1000,20241005,980,20
すき家,宮城県,すき家 113号角田店,宮城県角田市角田字扇町5-5,1000,20241005,980,20
すき家,茨城県,すき家 124号神栖木崎店,茨城県神栖市木崎2848-1,1150,20241005,1100,50
すき家,茨城県,すき家 124号波崎店,茨城県神栖市波崎8370-1,1100,20241005,1050,50
すき家,神奈川,すき家 129号厚木山際店,神奈川県厚木市山際281-1,1162,20241005,1150,12
すき家,北海道,すき家 12号岩見沢店,北海道岩見沢市九条西10-1-39,1050,20241005,1000,50
すき家,北海道,すき家 12号江別野幌店,北海道江別市野幌町48-4,1050,20241005,1000,50
すき家,北海道,すき家 12号滝川東町店,北海道滝川市東町2-42-7,1050,20241005,1020,30
すき家,北海道,すき家 12号美唄店,北海道美唄市大通東一条南6丁目1-1,1050,20241005,1000,50
すき家,神奈川,すき家 134号横須賀池田店,神奈川県横須賀市池田町5-14-12,1162,20241005,1150,12
すき家,神奈川,すき家 134号横須賀長坂店,神奈川県横須賀市長坂2-11-2,1162,20241005,1150,12
すき家,山形県,すき家 13号新庄店,山形県新庄市金沢704-1,1030,20241005,1010,20
すき家,山形県,すき家 13号尾花沢店,山形県尾花沢市大字尾花沢下新田1731-2,980,20241005,950,30
すき家,岐阜県,すき家 156号岐阜芥見店,岐阜県岐阜市芥見長山3-8-3,1001,20241005,1000,1
すき家,石川県,すき家 159号かほく店,石川県かほく市内日角6-1-1,1100,20241005,1050,50
すき家,大阪府,すき家 163号門真殿島店,大阪府門真市殿島町7-13,1180,20241005,1150,30
すき家,奈良県,すき家 168号生駒壱分店,奈良県生駒市有里町108-1,1107,20241005,1100,7
すき家,神奈川,すき家 16号相模原橋本店,神奈川県相模原市緑区橋本2-22-18,1162,20241005,1150,12
すき家,大阪府,すき家 170号羽曳野西浦店,大阪府羽曳野市西浦3-2-1,1150,20241005,1100,50
すき家,大阪府,すき家 170号熊取店,大阪府泉南郡熊取町紺屋2-5-5,1150,20241005,1100,50
すき家,大阪府,すき家 170号寝屋川高宮店,大阪府寝屋川市高宮1-10-27,1150,20241005,1100,50
すき家,京都府,すき家 171号向日店,京都府向日市鶏冠井町清水7-1,1130,20241005,1080,50
すき家,大阪府,すき家 171号箕面今宮店,大阪府箕面市今宮2-3-1,1150,20241005,1100,50
すき家,大阪府,すき家 171号箕面牧落店,大阪府箕面市牧落3-20-30,1150,20241005,1100,50
すき家,神奈川,すき家 1国茅ヶ崎十間坂店,神奈川県茅ヶ崎市十間坂3-2-2,1162,20241005,1150,12
すき家,神奈川,すき家 1国戸塚店,神奈川県横浜市戸塚区戸塚町3153-45,1162,20241005,1160,2
すき家,静岡県,すき家 1国沼津共栄店,静岡県沼津市共栄町19-4,1100,20241005,1080,20
すき家,大阪府,すき家 1国城東関目店,大阪府大阪市城東区関目5-3-3,1180,20241005,1150,30
すき家,大阪府,すき家 1国枚方北中振店,大阪府枚方市北中振4-10-5,1150,20241005,1100,50
すき家,山梨県,すき家 20号甲斐竜王店,山梨県甲斐市富竹新田1279-1,1100,20241005,1070,30
すき家,北海道,すき家 228号北斗七重浜店,北海道北斗市七重浜7-2-1,1050,20241005,1000,50
すき家,北海道,すき家 231号留萌店,北海道留萌市旭町2-1-1,1050,20241005,1000,50
すき家,宮城県,すき家 23号多賀城町前店,宮城県多賀城市町前3-7-7,1000,20241005,980,20
すき家,茨城県,すき家 245号日立久慈店,茨城県日立市久慈町4-6-6,1100,20241005,1030,70
すき家,神奈川,すき家 246号伊勢原白根店,神奈川県伊勢原市白根95-1,1162,20241005,1150,12
すき家,神奈川,すき家 246号秦野渋沢店,神奈川県秦野市並木町188-1,1162,20241005,1150,12
すき家,奈良県,すき家 25号王寺本町店,奈良県北葛城郡王寺町本町1-17-17,1120,20241005,1100,20
すき家,大阪府,すき家 25号八尾永畑店,大阪府八尾市永畑町1-2-58,1150,20241005,1100,50
すき家,大阪府,すき家 25号平野加美西店,大阪府大阪市平野区加美西1-6-16,1150,20241005,1100,50
すき家,大阪府,すき家 26号岸和田下池田店,大阪府岸和田市下池田町1-2-3,1150,20241005,1100,50
すき家,大阪府,すき家 26号高石店,大阪府高石市西取石7-11-1,1150,20241005,1120,30
すき家,大阪府,すき家 26号泉佐野鶴原店,大阪府泉佐野市鶴原1855-3,1150,20241005,1120,30
すき家,大阪府,すき家 26号泉大津店,大阪府泉大津市北豊中町2-17-24,1150,20241005,1100,50
すき家,岩手県,すき家 282号八幡平店,岩手県八幡平市大更第18地割88-12,970,20241005,950,20
すき家,兵庫県,すき家 2国西宮北今津店,兵庫県西宮市津門稲荷町5-8,1130,20241005,1050,80
すき家,兵庫県,すき家 2国尼崎杭瀬店,兵庫県尼崎市杭瀬北新町3-2-18,1130,20241005,1080,50
すき家,石川県,すき家 305号小松今江店,石川県小松市今江町3-700,1100,20241005,1050,50
すき家,石川県,すき家 305号上小松店,石川県小松市上小松町137-1,1100,20241005,1050,50
すき家,大阪府,すき家 307号枚方津田西店,大阪府枚方市津田西町1-2-1,1150,20241005,1100,50
すき家,大阪府,すき家 310号大阪狭山店,大阪府大阪狭山市東茱萸木1-691-1,1150,20241005,1100,50
すき家,京都府,すき家 312号峰山店,京都府京丹後市峰山町字新町1527-4,1150,20241005,1100,50
すき家,兵庫県,すき家 312号和田山IC店,兵庫県朝来市和田山町枚田592-1,1170,20241005,1120,50
すき家,茨城県,すき家 349号那珂店,茨城県那珂市竹ノ内4-11-8,1100,20241005,1050,50
すき家,茨城県,すき家 354号土浦南店,茨城県土浦市永国848-9,1080,20241005,1030,50
すき家,北海道,すき家 36号清田里塚店,北海道札幌市清田区里塚一条3-2-10,1050,20241005,1020,30
すき家,北海道,すき家 36号苫小牧日吉店,北海道苫小牧市日吉町1-1-5,1050,20241005,1020,30
すき家,北海道,すき家 36号苫小牧明野店,北海道苫小牧市明野新町2-1-4,1050,20241005,1020,30
すき家,北海道,すき家 37号室蘭中島店,北海道室蘭市中島町2-6-12,1050,20241005,1000,50
すき家,北海道,すき家 38号釧路鳥取店,北海道釧路市鳥取大通3-4-12,1050,20241005,1000,50
すき家,秋田県,すき家 398号湯沢沖鶴店,秋田県湯沢市沖鶴234-1,980,20241005,950,30
すき家,北海道,すき家 39号網走新町店,北海道網走市新町2-3-5,1080,20241005,1050,30
すき家,北海道,すき家 40号名寄店,北海道名寄市西四条南10-56-1,1100,20241005,1020,80
すき家,神奈川,すき家 412号厚木中荻野店,神奈川県厚木市中荻野580-1,1162,20241005,1150,12
すき家,静岡県,すき家 414号沼津三枚橋店,静岡県沼津市三枚橋町10-1,1100,20241005,1080,20
すき家,福井県,すき家 416号福井開発店,福井県福井市開発4-309,1100,20241005,1050,50
すき家,北海道,すき家 44号釧路木場店,北海道釧路郡釧路町木場1-3-3,1050,20241005,1000,50
すき家,北海道,すき家 44号根室店,北海道根室市西浜町8-92-1,1050,20241005,1020,30
すき家,青森県,すき家 45号八戸城下店,青森県八戸市城下4-14-14,980,20241005,950,30
すき家,青森県,すき家 45号八戸類家店,青森県八戸市類家5-11-5,980,20241005,940,40
すき家,栃木県,すき家 461号大田原美原店,栃木県大田原市美原1-1-6,1050,20241005,1000,50
すき家,神奈川,すき家 467号藤沢長後店,神奈川県藤沢市長後754-1,1162,20241005,1160,2
すき家,富山県,すき家 472号射水店,富山県射水市下条新1482-1,1100,20241005,1050,50
すき家,岩手県,すき家 4号奥州水沢店,岩手県奥州市水沢区太日通り1-4-13,1000,20241005,980,20
すき家,宮城県,すき家 4号栗原店,宮城県栗原市志波姫堀口宮中113-8,980,20241005,960,20
すき家,宮城県,すき家 4号古川西館店,宮城県大崎市古川西館3-9-1,1000,20241005,950,50
すき家,岩手県,すき家 4号紫波店,岩手県紫波郡紫波町桜町字浦田14-1,952,20241005,930,22
すき家,宮城県,すき家 4号柴田店,宮城県柴田郡柴田町西船迫1-1-55,1000,20241005,980,20
すき家,栃木県,すき家 4号小山間々田店,栃木県小山市間々田五料2416-5,1050,20241005,1000,50
すき家,岩手県,すき家 4号盛岡上田店,岩手県盛岡市上田4-20-47,980,20241005,950,30
すき家,岩手県,すき家 4号盛岡西見前店,岩手県盛岡市西見前18-35-9,1000,20241005,950,50
すき家,岩手県,すき家 4号盛岡茶畑店,岩手県盛岡市茶畑2-22-1,1000,20241005,950,50
すき家,岩手県,すき家 4号滝沢店,岩手県滝沢市巣子109-2,970,20241005,920,50
すき家,岩手県,すき家 4号二戸店,岩手県二戸市米沢字下村6-1,970,20241005,960,10
すき家,栃木県,すき家 4号矢板店,栃木県矢板市中691-1,1050,20241005,1000,50
すき家,栃木県,すき家 50号足利福富店,栃木県足利市福富町1107-1,1100,20241005,1070,30
すき家,茨城県,すき家 51号水戸大洗IC店,茨城県水戸市大串町965-3,1100,20241005,1050,50
すき家,茨城県,すき家 51号潮来店,茨城県潮来市延方西1462-3,1070,20241005,1050,20
すき家,北海道,すき家 5号小樽朝里店,北海道小樽市新光2-1-4,1050,20241005,1000,50
すき家,北海道,すき家 5号函館亀田店,北海道函館市亀田町17-11,1050,20241005,1000,50
すき家,茨城県,すき家 6号日立城南店,茨城県日立市城南町2-10-1,1100,20241005,1000,100
すき家,青森県,すき家 7号弘前高崎店,青森県弘前市大字高崎字広田115-2,970,20241005,950,20
すき家,新潟県,すき家 7号胎内店,新潟県胎内市大川町15-33,1050,20241005,1000,50
すき家,石川県,すき家 8号加賀加茂店,石川県加賀市加茂町チ65-1,1100,20241005,1050,50
すき家,石川県,すき家 8号金沢福久店,石川県金沢市福久東1-37,1100,20241005,1050,50
すき家,新潟県,すき家 8号見附店,新潟県見附市今町四丁目9番34-1号,1030,20241005,1000,30
すき家,福井県,すき家 8号坂井丸岡店,福井県坂井市丸岡町朝陽2-102-1,1100,20241005,1050,50
すき家,京都府,すき家 9号福知山店,京都府福知山市駅南町3-139,1150,20241005,1100,50
すき家,兵庫県,すき家 JR尼崎駅北口店,兵庫県尼崎市潮江1-3-43,1150,20241005,1100,50
すき家,神奈川,すき家 bono相模大野店,神奈川県相模原市南区相模大野3-3-2-203bono相模大野,1162,20241005,1150,12
すき家,福島県,すき家 いわき錦店,福島県いわき市錦町江栗大町1-1,1080,20241005,1050,30
すき家,福島県,すき家 いわき湯本店,福島県いわき市常磐下船尾町古内290-12,1080,20241005,1050,30
すき家,福島県,すき家 いわき平店,福島県いわき市平谷川瀬一丁目5-7,1080,20241005,1050,30
すき家,青森県,すき家 つがる柏店,青森県つがる市柏稲盛幾世121-1,1000,20241005,980,20
すき家,茨城県,すき家 つくば中央店,茨城県つくば市松代1-6-4,1100,20241005,1050,50
すき家,大阪府,すき家 はびきの伊賀店,大阪府羽曳野市伊賀4-5-6,1150,20241005,1100,50
すき家,茨城県,すき家 イーアスつくば店,茨城県つくば市研究学園5-19イーアスつくばショッピングセンター3F,1100,20241005,1050,50
すき家,宮城県,すき家 イオンタウン佐沼店,宮城県登米市南方町新島前46-1,980,20241005,950,30
すき家,北海道,すき家 イオンモール旭川西店,北海道旭川市緑町23-2161-3,1050,20241005,1020,30
すき家,大阪府,すき家 イオンモール茨木店,大阪府茨木市松ヶ本町8-30-3イオン茨木店1F,1150,20241005,1100,50
すき家,秋田県,すき家 イオンモール秋田店,秋田県秋田市御所野地蔵田1-1-1,980,20241005,950,30
すき家,岩手県,すき家 イオンモール盛岡南店,岩手県盛岡市本宮7-1-1,980,20241005,950,30
すき家,北海道,すき家 イオンモール発寒店,北海道札幌市西区発寒八条12-1-1,1050,20241005,1000,50
すき家,和歌山,すき家 ラウンドワン和歌山店,和歌山県和歌山市小雑賀739-3,1100,20241005,1050,50
すき家,北海道,すき家 旭川永山店,北海道旭川市永山六条5-77-54,1050,20241005,1020,30
すき家,北海道,すき家 旭川神居店,北海道旭川市神居2条1-1-17,1050,20241005,1020,30
すき家,北海道,すき家 旭川豊岡店,北海道旭川市豊岡十四条6-8-15,1050,20241005,1020,30
すき家,神奈川,すき家 伊勢原歌川店,神奈川県伊勢原市歌川1-3-11,1162,20241005,1150,12
すき家,神奈川,すき家 伊勢原桜台店,神奈川県伊勢原市桜台2-13-14,1162,20241005,1150,12
すき家,兵庫県,すき家 伊丹瑞穂店,兵庫県伊丹市瑞穂町2-21,1130,20241005,1080,50
すき家,兵庫県,すき家 伊丹野間店,兵庫県伊丹市南野北5-3-28,1130,20241005,1080,50
すき家,愛知県,すき家 稲沢小池店,愛知県稲沢市小池3-10-25,1120,20241005,1100,20
すき家,茨城県,すき家 稲敷江戸崎店,茨城県稲敷市江戸崎甲2141-3,1050,20241005,1020,30
すき家,大阪府,すき家 茨木IC店,大阪府茨木市郡4-11-36,1150,20241005,1100,50
すき家,大阪府,すき家 茨木中穂積店,大阪府茨木市中穂積2-10-8,1150,20241005,1100,50
すき家,福井県,すき家 越前押田店,福井県越前市押田2-1-1,1100,20241005,1050,50
すき家,宮城県,すき家 塩竈北浜店,宮城県塩竈市北浜1-13-30,1000,20241005,980,20
すき家,秋田県,すき家 横手IC店,秋田県横手市安田向田173-3,990,20241005,960,30
すき家,神奈川,すき家 横須賀野比店,神奈川県横須賀市野比1-4-25,1162,20241005,1150,12
すき家,岩手県,すき家 花巻上小舟渡店,岩手県花巻市上小舟渡218-2,952,20241005,930,22
すき家,神奈川,すき家 海老名さがみ野店,神奈川県海老名市東柏ヶ谷6-21-20,1162,20241005,1160,2
すき家,神奈川,すき家 海老名上河内店,神奈川県海老名市上河内297-3,1162,20241005,1150,12
すき家,神奈川,すき家 開成店,神奈川県足柄上郡開成町吉田島783-1,1162,20241005,1150,12
すき家,大阪府,すき家 貝塚北町店,大阪府貝塚市北町17-15,1150,20241005,1120,30
すき家,茨城県,すき家 笠間店,茨城県笠間市笠間487-1,1080,20241005,1030,50
すき家,茨城県,すき家 笠間友部店,茨城県笠間市旭町427-2,1100,20241005,1080,20
すき家,大阪府,すき家 蒲生四丁目店,大阪府大阪市城東区蒲生4-21-8,1150,20241005,1120,30
すき家,神奈川,すき家 釜利谷店,神奈川県横浜市金沢区釜利谷東4-53-11,1162,20241005,1150,12
すき家,神奈川,すき家 寒川宮山店,神奈川県高座郡寒川町宮山3460-1,1162,20241005,1150,12
すき家,神奈川,すき家 寒川田端店,神奈川県高座郡寒川町田端1445-1,1162,20241005,1150,12
すき家,大阪府,すき家 関目店,大阪府大阪市城東区成育2-13-15アイビーマンション1F,1180,20241005,1150,30
すき家,大阪府,すき家 岸和田磯上店,大阪府岸和田市磯上町4-23-25,1150,20241005,1100,50
すき家,大阪府,すき家 岸和田和泉IC北店,大阪府岸和田市田治米町343-1,1150,20241005,1100,50
すき家,茨城県,すき家 岩井店,茨城県坂東市大字岩井字新畑4298-1,1100,20241005,1050,50
すき家,宮城県,すき家 岩沼中央店,宮城県岩沼市桜3-12-15,1000,20241005,960,40
すき家,富山県,すき家 魚津本江店,富山県魚津市本江字雲雀作2555-1,1100,20241005,1080,20
すき家,神奈川,すき家 京急久里浜駅前店,神奈川県横須賀市久里浜4-5-4,1162,20241005,1150,12
すき家,大阪府,すき家 京阪枚方市駅前店,大阪府枚方市岡本町3-4N´sSquare1F,1150,20241005,1100,50
すき家,大阪府,すき家 近畿大学店,大阪府東大阪市新上小阪5-86近畿大学Eキャンパス構内,1150,20241005,1100,50
すき家,石川県,すき家 金沢増泉店,石川県金沢市増泉4-3-2,1100,20241005,1050,50
すき家,北海道,すき家 釧路桜ヶ岡店,北海道釧路市桜ヶ岡1-9-21,1050,20241005,1000,50
すき家,茨城県,すき家 古河坂間店,茨城県古河市坂間253-178,1050,20241005,1030,20
すき家,大阪府,すき家 交野星田北店,大阪府交野市星田北3-37-4,1150,20241005,1100,50
すき家,広島県,すき家 広大前店,広島県東広島市西条下見5-1-7,1020,20241005,980,40
すき家,青森県,すき家 弘前青山店,青森県弘前市大字青山5-28-1,1000,20241005,930,70
すき家,青森県,すき家 弘前中央店,青森県弘前市大字大町3-1-4,970,20241005,930,40
すき家,青森県,すき家 弘前中野店,青森県弘前市中野2-1-6,1000,20241005,920,80
すき家,大阪府,すき家 江戸堀店,大阪府大阪市西区江戸堀1-24-15タツト・肥後橋ビル1F,1250,20241005,1200,50
すき家,神奈川,すき家 港南台店,神奈川県横浜市港南区港南台4-3-1ビ-バ-ビル1F,1162,20241005,1160,2
すき家,大阪府,すき家 香里園駅前店,大阪府寝屋川市香里南之町20-23,1150,20241005,1100,50
すき家,大阪府,すき家 高槻下田部店,大阪府高槻市下田部町1-3-28,1150,20241005,1100,50
すき家,大阪府,すき家 高槻古曽部店,大阪府高槻市古曽部町2-21-32,1150,20241005,1100,50
すき家,東京都,すき家 国分寺本多店,東京都国分寺市本多2-16-1,1163,20241005,1150,13
すき家,栃木県,すき家 佐野大橋店,栃木県佐野市大橋町3239-1,1150,20241005,1120,30
すき家,神奈川,すき家 座間広野台店,神奈川県座間市広野台1-25-5,1162,20241005,1160,2
すき家,兵庫県,すき家 阪急伊丹店,兵庫県伊丹市中央1-6-14,1130,20241005,1080,50
すき家,大阪府,すき家 阪急茨木市駅前店,大阪府茨木市双葉町8-1奥村ビル1F,1150,20241005,1100,50
すき家,兵庫県,すき家 阪急園田駅前店,兵庫県尼崎市東園田町9-17-16メゾン・ドゥ・ファミリー1F,1150,20241005,1100,50
すき家,大阪府,すき家 阪急庄内南店,大阪府豊中市庄内西町5-1-3,1150,20241005,1080,70
すき家,大阪府,すき家 阪急淡路西口店,大阪府大阪市東淀川区淡路4-11-15井上ビル1F,1170,20241005,1120,50
すき家,大阪府,すき家 堺片蔵店,大阪府堺市南区片蔵1333-1,1150,20241005,1100,50
すき家,茨城県,すき家 桜土浦IC店,茨城県つくば市下広岡字向山1055-321,1100,20241005,1050,50
すき家,北海道,すき家 札幌ポールタウン店,北海道札幌市中央区南三条西3-10さっぽろ地下街ポールタウン,1050,20241005,1020,30
すき家,北海道,すき家 札幌駅前通北一条店,北海道札幌市中央区北1条西3-2-5北尾ビル1F,1050,20241005,1020,30
すき家,北海道,すき家 札幌桑園店,北海道札幌市中央区北十一条西20丁目1-10,1050,20241005,1020,30
すき家,北海道,すき家 札幌山鼻店,北海道札幌市中央区南十三条西15-3-6,1050,20241005,1020,30
すき家,北海道,すき家 札幌新道発寒店,北海道札幌市西区発寒12条1-2-30,1050,20241005,1020,30
すき家,北海道,すき家 札幌石山通南一条店,北海道札幌市中央区南1条西11-327-27ジュピタープレイス1F,1050,20241005,1020,30
すき家,北海道,すき家 札幌屯田店,北海道札幌市北区屯田六条4-4-20,1050,20241005,1020,30
すき家,北海道,すき家 札幌美香保店,北海道札幌市東区北二十条東8-3-5,1050,20241005,1020,30
すき家,北海道,すき家 札幌北33条店,北海道札幌市北区北三十三条西4-1-12,1050,20241005,1020,30
すき家,北海道,すき家 札幌北郷店,北海道札幌市白石区北郷三条8-1-1,1050,20241005,1020,30
すき家,北海道,すき家 札幌北野店,北海道札幌市清田区北野七条3-5-5,1050,20241005,1020,30
すき家,大阪府,すき家 三国本町店,大阪府大阪市淀川区三国本町2-13-14,1170,20241005,1120,50
すき家,大阪府,すき家 十三駅西口店,大阪府大阪市淀川区十三本町1-7-1カネイシビル,1200,20241005,1150,50
すき家,青森県,すき家 十和田元町店,青森県十和田市元町東1-2-19,1000,20241005,940,60
すき家,栃木県,すき家 小山西城南店,栃木県小山市西城南4-19-7,1050,20241005,1000,50
すき家,北海道,すき家 小樽有幌店,北海道小樽市有幌町2-14,1050,20241005,1000,50
すき家,神奈川,すき家 小田原駅東口店,神奈川県小田原市栄町1-14-1実正堂ビル1F,1162,20241005,1150,12
すき家,神奈川,すき家 小田原扇町店,神奈川県小田原市扇町2-5-9,1162,20241005,1150,12
すき家,愛知県,すき家 小牧駅西店,愛知県小牧市小牧3丁目86-1,1150,20241005,1100,50
すき家,愛知県,すき家 小牧春日寺店,愛知県小牧市春日寺2-329,1150,20241005,1080,70
すき家,新潟県,すき家 新潟笹口店,新潟県新潟市中央区南笹口2-1-60,1100,20241005,1050,50
すき家,神奈川,すき家 新杉田店,神奈川県横浜市磯子区杉田1-6-6第3アズサワビル,1162,20241005,1150,12
すき家,大阪府,すき家 新大阪西宮原店,大阪府大阪市淀川区西宮原1-8-41新大阪南愛ビル1階,1170,20241005,1120,50
すき家,北海道,すき家 深川店,北海道深川市三条18-25,1030,20241005,1000,30
すき家,神奈川,すき家 秦野室川橋店,神奈川県秦野市曽屋5788-5,1162,20241005,1150,12
すき家,大阪府,すき家 吹田五月が丘店,大阪府吹田市五月が丘東13-19,1150,20241005,1100,50
すき家,茨城県,すき家 水海道店,茨城県常総市新井木町字江畑102-3,1100,20241005,1050,50
すき家,茨城県,すき家 水戸柳町店,茨城県水戸市柳町1-1-8,1100,20241005,1050,50
すき家,岩手県,すき家 盛岡西店,岩手県盛岡市本宮3-5-10,980,20241005,950,30
すき家,岩手県,すき家 盛岡青山店,岩手県盛岡市青山3-7-1,980,20241005,930,50
すき家,兵庫県,すき家 西宮今津巽店,兵庫県西宮市今津巽町4-37,1130,20241005,1080,50
すき家,兵庫県,すき家 西宮北IC店,兵庫県西宮市山口町下山口3-5-23,1130,20241005,1080,50
すき家,京都府,すき家 西京区樫原店,京都府京都市西京区樫原分田16-3,1200,20241005,1100,100
すき家,栃木県,すき家 西那須野店,栃木県那須塩原市睦104-31,1050,20241005,1000,50
すき家,大阪府,すき家 西淀川大和田店,大阪府大阪市西淀川区大和田2-1-17,1170,20241005,1120,50
すき家,青森県,すき家 青森西店,青森県青森市篠田2-19-26,1000,20241005,950,50
すき家,青森県,すき家 青森問屋町店,青森県青森市第二問屋町1-2-1,1000,20241005,950,50
すき家,青森県,すき家 青森浪打店,青森県青森市浪打2-11-20,1000,20241005,950,50
すき家,北海道,すき家 石狩花川店,北海道石狩市花川南6条1-11-50,1050,20241005,1020,30
すき家,大阪府,すき家 摂津鳥飼中店,大阪府摂津市鳥飼中2-2-50,1170,20241005,1150,20
すき家,大阪府,すき家 摂津南別府店,大阪府摂津市南別府町3-19,1170,20241005,1120,50
すき家,大阪府,すき家 摂津富田店,大阪府高槻市大畑町26-17,1150,20241005,1100,50
すき家,東京都,すき家 千歳船橋駅前店,東京都世田谷区船橋1-9-24千歳船橋振興組合会館1F,1300,20241005,1250,50
すき家,兵庫県,すき家 川西火打店,兵庫県川西市火打2-9-23,1100,20241005,1050,50
すき家,大阪府,すき家 泉大津松之浜店,大阪府泉大津市松之浜町2-1-12,1150,20241005,1100,50
すき家,神奈川,すき家 相模原共和店,神奈川県相模原市中央区共和3-6-17,1162,20241005,1150,12
すき家,神奈川,すき家 相模原小町通店,神奈川県相模原市中央区小町通2-4-12,1162,20241005,1150,12
すき家,神奈川,すき家 相模原上鶴間店,神奈川県相模原市南区上鶴間2-7-2,1162,20241005,1160,2
すき家,神奈川,すき家 相模原田名店,神奈川県相模原市中央区田名4679-10,1162,20241005,1150,12
すき家,神奈川,すき家 相模大野駅南口店,神奈川県相模原市南区相模大野8-2-6第一島ビル1F,1162,20241005,1150,12
すき家,茨城県,すき家 総和十間道路店,茨城県古河市上辺見531-1,1050,20241005,1030,20
すき家,栃木県,すき家 足利芳町店,栃木県足利市芳町57-1,1100,20241005,1070,30
すき家,栃木県,すき家 足利葉鹿店,栃木県足利市葉鹿町1-29-3,1100,20241005,1070,30
すき家,大阪府,すき家 大阪鶴見今津北店,大阪府大阪市鶴見区今津北4-4-3,1150,20241005,1100,50
すき家,神奈川,すき家 大和駅北口店,神奈川県大和市大和東1-3-12,1162,20241005,1150,12
すき家,神奈川,すき家 大和中央店,神奈川県大和市深見西2-4-3,1162,20241005,1160,2
すき家,兵庫県,すき家 丹南篠山口IC店,兵庫県丹波篠山市網掛字十ノ坪403-1,1150,20241005,1100,50
すき家,大阪府,すき家 中環大日店,大阪府門真市向島3-35ベア-ズA棟,1180,20241005,1150,30
すき家,神奈川,すき家 朝比奈店,神奈川県横浜市金沢区六浦4-11-34サングレイスビル101,1162,20241005,1150,12
すき家,京都府,すき家 長岡天神駅前店,京都府長岡京市天神1-1-2マルオカビル1F,1130,20241005,1080,50
すき家,大阪府,すき家 長吉出戸店,大阪府大阪市平野区長吉出戸5-3-62,1150,20241005,1100,50
すき家,神奈川,すき家 追浜駅前店,神奈川県横須賀市追浜町3-8,1162,20241005,1150,12
すき家,大阪府,すき家 天神橋二丁目店,大阪府大阪市北区天神橋2-4-14盛岡ビル1F,1250,20241005,1200,50
すき家,北海道,すき家 登別新生町店,北海道登別市新生町4-16-4,1050,20241005,1000,50
すき家,大阪府,すき家 都島IC店,大阪府大阪市都島区高倉町3-14-27,1170,20241005,1120,50
すき家,大阪府,すき家 都島本通店,大阪府大阪市都島区都島本通3-20-1,1170,20241005,1120,50
すき家,茨城県,すき家 土浦荒川沖店,茨城県土浦市荒川沖東2-17-10,1080,20241005,1030,50
すき家,茨城県,すき家 土浦店,茨城県土浦市東崎町11-3,1100,20241005,1050,50
すき家,兵庫県,すき家 東園田店,兵庫県尼崎市東園田町4-63-1,1150,20241005,1100,50
すき家,神奈川,すき家 東海大前店,神奈川県秦野市南矢名3-12-3,1162,20241005,1150,12
すき家,大阪府,すき家 東大阪加納店,大阪府東大阪市加納8-24-7,1130,20241005,1100,30
すき家,大阪府,すき家 東大阪高井田店,大阪府東大阪市高井田本通7-1-30,1150,20241005,1100,50
すき家,大阪府,すき家 東大阪菱屋西店,大阪府東大阪市菱屋西6-9-15,1130,20241005,1100,30
すき家,大阪府,すき家 東大阪菱屋東店,大阪府東大阪市菱屋東2-3-29,1130,20241005,1100,30
すき家,京都府,すき家 東舞鶴白鳥店,京都府舞鶴市字森小字ムシウ218-1,1170,20241005,1120,50
すき家,大阪府,すき家 東淀川菅原店,大阪府大阪市東淀川区菅原7-5-31,1170,20241005,1120,50
すき家,大阪府,すき家 東淀川大桐店,大阪府大阪市東淀川区大桐1-7-8,1170,20241005,1120,50
すき家,大阪府,すき家 藤井寺駅前店,大阪府藤井寺市岡2-8-46アコ-ルアン1F,1150,20241005,1100,50
すき家,神奈川,すき家 藤沢湘南台店,神奈川県藤沢市湘南台4-14-4,1162,20241005,1160,2
すき家,福井県,すき家 敦賀木崎店,福井県敦賀市木崎19-14-1,1200,20241005,1150,50
すき家,大阪府,すき家 内環状守口太子橋店,大阪府守口市緑町3-12,1170,20241005,1120,50
すき家,大阪府,すき家 内環状新深江店,大阪府大阪市東成区深江南2-12-22,1130,20241005,1100,30
すき家,兵庫県,すき家 南塚口七丁目店,兵庫県尼崎市南塚口町7-6-19,1130,20241005,1050,80
すき家,兵庫県,すき家 南武庫之荘店,兵庫県尼崎市南武庫之荘4-19-10,1130,20241005,1050,80
すき家,兵庫県,すき家 尼崎浜田店,兵庫県尼崎市浜田4-41-1,1130,20241005,1050,80
すき家,茨城県,すき家 日立金沢店,茨城県日立市金沢町1-13-10,1100,20241005,1000,100
すき家,茨城県,すき家 日立田尻店,茨城県日立市田尻町4-6-7,1100,20241005,1020,80
すき家,大阪府,すき家 梅田太融寺店,大阪府大阪市北区太融寺町5-8ダイヤモンドレジャ-ビル本館1F,1270,20241005,1220,50
すき家,大阪府,すき家 梅田茶屋町店,大阪府大阪市北区茶屋町1-52コモド梅田ビル1F,1270,20241005,1220,50
すき家,大阪府,すき家 梅田堂山店,大阪府大阪市北区堂山町15-15,1270,20241005,1220,50
すき家,大阪府,すき家 柏原片山店,大阪府柏原市片山町14-1,1130,20241005,1100,30
すき家,北海道,すき家 函館漁火通店,北海道函館市広野町3-3,1050,20241005,1000,50
すき家,北海道,すき家 函館鍛治店,北海道函館市鍛治2-9-11,1050,20241005,1000,50
すき家,青森県,すき家 八戸根城店,青森県八戸市根城3-4-5,980,20241005,940,40
すき家,京都府,すき家 八幡店,京都府八幡市八幡五反田39-4,1150,20241005,1080,70
すき家,大阪府,すき家 八尾山賀店,大阪府八尾市山賀町1-37,1130,20241005,1100,30
すき家,大阪府,すき家 八尾青山店,大阪府八尾市青山町4-2-38,1130,20241005,1100,30
すき家,大阪府,すき家 八尾南木の本店,大阪府八尾市南木の本4-101-1,1150,20241005,1100,50
すき家,兵庫県,すき家 氷上町店,兵庫県丹波市氷上町稲継68-6,1150,20241005,1100,50
すき家,富山県,すき家 富山五福店,富山県富山市五福字中割2325-3,1100,20241005,1030,70
すき家,富山県,すき家 富山呉羽店,富山県富山市本郷東部9-1,1100,20241005,1080,20
すき家,富山県,すき家 富山中川原店,富山県富山市秋吉194-9,1100,20241005,1080,20
すき家,大阪府,すき家 富田林小金台店,大阪府富田林市小金台1-3-10,1150,20241005,1100,50
すき家,大阪府,すき家 富田林川面店,大阪府富田林市川面町2-4-16,1150,20241005,1100,50
すき家,福井県,すき家 福井日光店,福井県福井市日光2-27-13,1050,20241005,1000,50
すき家,京都府,すき家 福知山東野パーク店,京都府福知山市字土小字東野1117-594,1150,20241005,1100,50
すき家,神奈川,すき家 淵野辺北口店,神奈川県相模原市中央区淵野辺3-19-11大黒屋ビル1F,1162,20241005,1150,12
すき家,神奈川,すき家 平塚松風店,神奈川県平塚市松風町11-20,1162,20241005,1150,12
すき家,神奈川,すき家 平塚上平塚店,神奈川県平塚市上平塚1-54,1162,20241005,1150,12
すき家,神奈川,すき家 平塚店,神奈川県平塚市平塚1-9-26,1162,20241005,1150,12
すき家,神奈川,すき家 平塚豊田店,神奈川県平塚市豊田本郷1740-1,1162,20241005,1150,12
すき家,兵庫県,すき家 宝塚安倉店,兵庫県宝塚市安倉西4-608,1100,20241005,1050,50
すき家,兵庫県,すき家 宝塚小林店,兵庫県宝塚市小林5-9-100,1100,20241005,1050,50
すき家,兵庫県,すき家 宝塚中筋店,兵庫県宝塚市中筋6-13-22,1100,20241005,1050,50
すき家,兵庫県,すき家 豊岡野田店,兵庫県豊岡市野田95-1,1170,20241005,1120,50
すき家,大阪府,すき家 豊中熊野町店,大阪府豊中市熊野町1-7-15,1150,20241005,1100,50
すき家,大阪府,すき家 豊中曽根店,大阪府豊中市曽根南町3-19-24,1150,20241005,1100,50
すき家,大阪府,すき家 豊中浜店,大阪府豊中市浜4-3-7-2,1150,20241005,1100,50
すき家,神奈川,すき家 本厚木店,神奈川県厚木市中町3-13-1,1162,20241005,1150,12
すき家,大阪府,すき家 枚方山之上店,大阪府枚方市山之上北町1-8,1150,20241005,1100,50
すき家,大阪府,すき家 枚方渚内野店,大阪府枚方市渚内野4-25-1,1150,20241005,1100,50
すき家,大阪府,すき家 枚方招提北店,大阪府枚方市招提北町1-2241-1,1150,20241005,1100,50
すき家,大阪府,すき家 枚方中宮東之町店,大阪府枚方市中宮東之町22-13,1150,20241005,1100,50
すき家,大阪府,すき家 門真下馬伏店,大阪府門真市下馬伏町26-6,1180,20241005,1150,30
すき家,大阪府,すき家 門真中央店,大阪府門真市大池町16-25,1150,20241005,1120,30
すき家,大阪府,すき家 淀川加島店,大阪府大阪市淀川区加島2-3-4,1170,20241005,1120,50
すき家,大阪府,すき家 淀川通塚本店,大阪府大阪市淀川区塚本2-14-19,1170,20241005,1120,50
すき家,東京都,すき家 立会川店,東京都品川区南大井1-6-10加藤ビル1F,1350,20241005,1300,50
すき家,大阪府,すき家 和泉はつが野店,大阪府和泉市はつが野1-1-13,1150,20241005,1120,30
